"Names"	"RegulonSize"	"SpearmanCorrelationMean"	"SpearmanCorrelationMedian"
"aceB"	2	0.714004974508942	0.714004974508942
"aceF"	2	0.772135731342068	0.772135731342068
"adiC"	2	0.393710407465094	0.393710407465094
"araH"	3	0.481349734671141	0.484049717222746
"artP"	2	0.635255716809194	0.635255716809194
"artQ"	2	0.490681049445616	0.490681049445616
"atpH"	6	0.616162450024893	0.616255566560748
"bcsB"	2	0.354374402847096	0.354374402847096
"bcsF"	2	0.573252005856422	0.573252005856422
"betI"	3	0.532136972764675	0.551306388361007
"btuE"	2	0.560090729941937	0.560090729941937
"cadB"	2	0.500750650195676	0.500750650195676
"ccmE"	3	0.49851876205612	0.498788889121479
"ccmH"	3	0.392276310544435	0.389113196336906
"chbR"	2	0.307722460173342	0.307722460173342
"chpR"	2	0.525043818240343	0.525043818240343
"citF"	3	0.375356765065692	0.384654075877005
"cobU"	3	0.332905078373649	0.314819770599131
"csgG"	4	0.600045423747205	0.608799324606916
"cueR"	3	0.442026944710952	0.396218943168567
"cusF"	4	0.463490469087251	0.48271137910324
"cyoE"	5	0.721026572317718	0.707235272762134
"dacA"	2	0.453517912789202	0.453517912789202
"ddpC"	2	0.400626494480845	0.400626494480845
"ddpF"	4	0.332143839036308	0.33210785585454
"deoD"	4	0.494959382864148	0.509451486396123
"dhaM"	3	0.693997281713794	0.668061823230405
"dmsB"	2	0.610689948514867	0.610689948514867
"dnaK"	2	0.636095824248938	0.636095824248938
"dppF"	5	0.556197158126466	0.574590741384324
"edd"	2	0.246175101518784	0.246175101518784
"efeU"	1	1	1
"eptA"	9	0.293488691450619	0.289048128942177
"eutL"	2	0.418321547256719	0.418321547256719
"eutT"	6	0.283078395359058	0.275544129062159
"fabG"	2	0.312097206286023	0.312097206286023
"fadB"	2	0.620725832019316	0.620725832019316
"fdnI"	2	0.415386851121682	0.415386851121682
"fecE"	5	0.485272051225896	0.480339951152642
"fepC"	2	0.471131447644344	0.471131447644344
"fepG"	2	0.513992158454083	0.513992158454083
"fhuD"	4	0.456485339403535	0.466657259841839
"fimH"	4	0.501284757444818	0.485034111577081
"fimI"	3	0.567522703786868	0.599321935174312
"fklB"	3	0.466522617525554	0.413666509656733
"flhD"	2	0.694988600664927	0.694988600664927
"frmR"	2	0.568189794168169	0.568189794168169
"fruK"	3	0.572921834401629	0.6065027003521
"ftsN"	3	0.105168689295427	0.0886414351175801
"gadX"	2	0.658568676283506	0.658568676283506
"galT"	4	0.427574879694499	0.460505818235429
"garR"	5	0.366187586906828	0.369731885607329
"gatZ"	6	0.676846035058753	0.680367902870003
"gcvT"	3	0.737789072785844	0.719577235590972
"glcG"	3	0.616458168614412	0.592517616217828
"glgX"	4	0.652070068554467	0.660064152894961
"glnL"	2	0.624216644108424	0.624216644108424
"glnQ"	3	0.658955354631708	0.671814691992934
"glpT"	8	0.450310527165378	0.441810567489066
"gltB"	2	0.38202205246636	0.38202205246636
"gltL"	2	0.470704508017877	0.470704508017877
"glxR"	2	0.243287860529616	0.243287860529616
"gspB"	2	0.369082055535299	0.369082055535299
"gspD"	2	0.431449211433923	0.431449211433923
"gspF"	2	0.214337462241418	0.214337462241418
"gspM"	2	0.272379320222401	0.272379320222401
"hisQ"	3	0.557766194783644	0.553436037527994
"holC"	4	0.304748112840732	0.285667514020741
"htpG"	3	0.615366196024079	0.62760530548586
"hybC"	2	0.561406727355486	0.561406727355486
"hybG"	3	0.509855032159673	0.506384678415371
"hybO"	3	0.474639541962426	0.411398535080135
"hydN"	11	0.289318823553326	0.293657218959315
"hyfB"	3	0.182222231937243	0.161637870346247
"hyfR"	5	0.161753096290216	0.164049277199461
"ibpB"	2	0.74309752787261	0.74309752787261
"ilvM"	4	0.489553856908886	0.477014010556109
"ilvN"	2	0.725403990265877	0.725403990265877
"iscU"	5	0.576853260212149	0.567803950866393
"iscX"	3	0.577660640909486	0.569491813073906
"kdsD"	2	0.164969119221998	0.164969119221998
"ksgA"	2	0.520284647174409	0.520284647174409
"lacZ"	3	0.449122195724389	0.446950464150116
"lar"	2	0.119906060664854	0.119906060664854
"lldR"	3	0.609355344428282	0.599548263704284
"lpxP"	4	0.293024875030925	0.302203521834537
"lspA"	3	0.469483202002509	0.463808128282018
"lsrR"	8	0.421108782656759	0.418937275680653
"lyx"	2	0.189258989004642	0.189258989004642
"malQ"	8	0.610823348806536	0.602120600077273
"manZ"	3	0.755750144419214	0.730507923566747
"marR"	2	0.621153612999372	0.621153612999372
"mcbA"	2	0.269738659028361	0.269738659028361
"mcrA"	2	0.213703500688287	0.213703500688287
"mdtJ"	2	0.581809403885085	0.581809403885085
"menD"	3	0.410015017858692	0.344030246857354
"metN"	2	0.676128259774861	0.676128259774861
"mglC"	3	0.669982183039877	0.689233208743715
"mhpB"	2	0.389002473986449	0.389002473986449
"mhpF"	2	0.320501508996681	0.320501508996681
"minD"	2	0.162236146995931	0.162236146995931
"minE"	2	0.499262681639584	0.499262681639584
"mnmG"	2	0.527579975500115	0.527579975500115
"moaE"	5	0.528969980224747	0.54224288089589
"mokB"	2	0.494882612708289	0.494882612708289
"mpl"	2	0.279260827641489	0.279260827641489
"mprA"	3	0.209136427364705	0.236830043044872
"mraZ"	4	0.308212324153782	0.291919687442
"mrp"	2	0.176469915803473	0.176469915803473
"murE"	2	0.395050549473825	0.395050549473825
"nagB"	2	0.475812411856219	0.475812411856219
"nanM"	2	0.34153056420985	0.34153056420985
"napF"	2	0.224408945117634	0.224408945117634
"napH"	5	0.470793101048384	0.473261406684675
"narJ"	3	0.58354949100984	0.579548251981422
"narZ"	2	0.546168637912996	0.546168637912996
"nirD"	3	0.407090511735767	0.37214838050817
"nrdG"	2	0.601126969501366	0.601126969501366
"nrdI"	4	0.607992627115848	0.602561587195171
"nrfC"	3	0.526822885017635	0.509163013694232
"nuoB"	2	0.755064075503871	0.755064075503871
"nuoN"	11	0.644201283569907	0.634950507188754
"oppF"	5	0.622128185267679	0.639455816309076
"paaI"	9	0.334837401335837	0.337633262255157
"pdhR"	2	0.154226302250807	0.154226302250807
"pdxK"	3	0.158193675533828	0.173910224151493
"pflB"	2	0.466049248897731	0.466049248897731
"pgk"	3	0.48254960555141	0.459148930485174
"pheL"	2	0.246059521729792	0.246059521729792
"phnE"	2	0.411023940167004	0.411023940167004
"phnL"	4	0.398346722391769	0.376194342898792
"pntA"	2	0.350454328428631	0.350454328428631
"polA"	2	0.0597513269757794	0.0597513269757794
"potH"	7	0.269235609457182	0.0905975707441945
"ppa"	2	0.266978928388858	0.266978928388858
"ppdD"	2	0.2288752951482	0.2288752951482
"ppx"	2	0.351237756412312	0.351237756412312
"proX"	3	0.606957914395983	0.594856641901341
"prpD"	3	0.525645856269288	0.536787607240957
"pspD"	4	0.614308299671129	0.629848271618157
"pstB"	2	0.544628776865793	0.544628776865793
"pstS"	3	0.587208205026961	0.589296003399804
"purT"	10	0.525274106962209	0.512176177530227
"putP"	2	0.387555654506597	0.387555654506597
"puuR"	4	0.51260468357562	0.501900826283739
"pyrI"	6	0.540318913177148	0.51607223524492
"rbsK"	5	0.506812958425184	0.527385203478804
"rcsD"	2	0.276287905717912	0.276287905717912
"recQ"	2	0.189859705142577	0.189859705142577
"relE"	2	0.583135063191495	0.583135063191495
"rhaB"	2	0.473133680976609	0.473133680976609
"ribF"	4	0.287496733314835	0.246588938378522
"rlpB"	3	0.258561874525508	0.20911915380586
"rluA"	2	0.496999776908865	0.496999776908865
"rpmI"	2	0.644112499740144	0.644112499740144
"rpoN"	2	0.528263445489518	0.528263445489518
"rseA"	2	0.681484399541097	0.681484399541097
"rsxB"	2	0.625994864786209	0.625994864786209
"rtcR"	2	0.184831107449473	0.184831107449473
"rutG"	7	0.251371677674613	0.248182768466598
"ryhB"	1	1	1
"sapD"	3	0.432775215331325	0.4362301990564
"serC"	2	0.582555651702268	0.582555651702268
"sfmH"	2	0.402850075507459	0.402850075507459
"slyA"	2	0.275063706215458	0.275063706215458
"smpB"	2	0.184795166866727	0.184795166866727
"srlE"	5	0.583864421591537	0.614555995389685
"sseB"	2	0.370254112217367	0.370254112217367
"sspB"	2	0.529130908483563	0.529130908483563
"sucD"	13	0.556635824348313	0.550549811997234
"sufS"	6	0.680700301231215	0.685881940684252
"tatA"	2	0.140373669301094	0.140373669301094
"tdcG"	7	0.386756374330085	0.391432634673683
"tdh"	5	0.309996884524059	0.133083463930774
"tdk"	2	0.401956077743493	0.401956077743493
"thrC"	3	0.691508061471137	0.698892856722819
"tnaC"	3	0.511216769862725	0.534753169586464
"tolC"	4	0.229010983643026	0.18117746206904
"tolR"	3	0.560840254731381	0.59887675138288
"treC"	2	0.677471296344311	0.677471296344311
"trmI"	2	0.27730097872617	0.27730097872617
"trpL"	5	0.17251498764629	0.115750475234916
"truB"	2	0.286573058138222	0.286573058138222
"truD"	3	0.221650142941963	0.127649850813221
"trxA"	2	0.143308620974635	0.143308620974635
"trxB"	2	0.273733191028604	0.273733191028604
"tyrA"	2	0.609909835068158	0.609909835068158
"tyrB"	3	0.325861475989652	0.332881058295866
"upp"	5	0.374963338136805	0.352463813929135
"uraA"	3	0.559870482393932	0.564921556330236
"usg"	2	0.390921736045156	0.390921736045156
"visC"	4	0.211517273184101	0.218555224117547
"waaU"	11	0.478824622932363	0.5067584279247
"wbbL"	11	0.60943387650743	0.621367077230524
"wcaE"	2	0.486392199690123	0.486392199690123
"wcaL"	5	0.162023852335946	0.142284284844187
"wzxE"	2	0.310295886359823	0.310295886359823
"xerD"	2	0.266287666332219	0.266287666332219
"xylA"	2	0.28389662673113	0.28389662673113
"yaaW"	2	0.312377074738062	0.312377074738062
"yadM"	2	0.462514480130093	0.462514480130093
"yaeB"	2	0.250733700529333	0.250733700529333
"yaeI"	2	0.119407743691175	0.119407743691175
"yafZ"	2	0.235585630960186	0.235585630960186
"yajG"	4	0.42276351148222	0.393662079993116
"ybaN"	5	0.512224431812909	0.5021954570525
"ybbC"	2	0.377364609856685	0.377364609856685
"ybbW"	5	0.233502686233836	0.208107760391451
"ybcO"	2	0.240475062076616	0.240475062076616
"ybdD"	8	0.454870410923731	0.421906635792373
"ybeA"	6	0.291114873065446	0.281546034469214
"ybeZ"	2	0.570591526730564	0.570591526730564
"ybfC"	2	0.212939483575728	0.212939483575728
"ybgC"	2	0.170766872620353	0.170766872620353
"ybgJ"	2	0.574963321012006	0.574963321012006
"ybgT"	4	0.714635063892801	0.707213022873079
"ybhC"	4	0.358733286491794	0.37038249480573
"ybiC"	14	0.383286297765883	0.305374926100363
"ybiH"	2	0.45498848867157	0.45498848867157
"ybiX"	15	0.5610538528914	0.549288029311334
"ybjC"	2	0.489950356600389	0.489950356600389
"ycbS"	2	0.161859839104299	0.161859839104299
"ycbT"	2	0.0563202979493257	0.0563202979493257
"ycbZ"	2	0.24750202640265	0.24750202640265
"yccB"	10	0.685158507405815	0.695953457541453
"yccJ"	2	0.815293595851553	0.815293595851553
"yccM"	3	0.189471967199387	0.196504393386477
"yccW"	3	0.474820381333522	0.40423612770456
"ycdZ"	2	0.280666912150625	0.280666912150625
"yceD"	1	1	1
"yceG"	3	0.401579597561969	0.400522174416999
"ycfM"	3	0.562497679891954	0.532070389537895
"ycgM"	3	0.262743066721277	0.250418229129929
"ychS"	2	0.113542246197024	0.113542246197024
"yciC"	2	0.556800222538061	0.556800222538061
"yciH"	2	0.488605039767117	0.488605039767117
"ycjT"	2	0.355110156897793	0.355110156897793
"ycjV"	3	0.221651682553531	0.235848078770386
"ydaU"	2	0.374694186142432	0.374694186142432
"ydaV"	2	0.155773233321833	0.155773233321833
"ydaW"	2	0.199291393343465	0.199291393343465
"ydcQ"	2	0.213935054431114	0.213935054431114
"ydcW"	2	0.565571557119792	0.565571557119792
"yddB"	2	0.580490673093981	0.580490673093981
"ydeT"	3	0.384725989729273	0.372013707185179
"ydeU"	1	1	1
"ydfE"	3	0.114098380704349	0.114007196768082
"ydfV"	2	0.205801310879324	0.205801310879324
"ydhS"	2	0.434030935333878	0.434030935333878
"ydiH"	1	1	1
"ydiR"	2	0.177303511387424	0.177303511387424
"ydjL"	4	0.411931127767519	0.425123202670665
"yeaC"	3	0.580990547640193	0.495223155082736
"yeaK"	3	0.173188938417015	0.202949552823741
"yeaZ"	3	0.3976551355733	0.407028048412152
"yebB"	2	0.0717793312324355	0.0717793312324355
"yebC"	7	0.218464284551954	0.187455464318055
"yebF"	2	0.376083117818598	0.376083117818598
"yebG"	15	0.338001674590137	0.348985980017796
"yebR"	3	0.315916075291773	0.310523739337764
"yebT"	2	0.124140434122609	0.124140434122609
"yedF"	2	0.610989902810693	0.610989902810693
"yedI"	2	0.25607086545382	0.25607086545382
"yedL"	5	0.271396007206993	0.257589004311018
"yedZ"	3	0.372671841352241	0.341333334085905
"yeeE"	23	0.439619149367696	0.444633215728918
"yeeF"	9	0.39060532181131	0.366953627921842
"yehM"	2	0.14511108926233	0.14511108926233
"yehP"	12	0.182046237675676	0.152454216701002
"yehU"	2	0.506337354984425	0.506337354984425
"yeiS"	2	0.396802620330835	0.396802620330835
"yejK"	4	0.36763690003023	0.353192158681918
"yfaA"	2	0.0573214450916967	0.0573214450916967
"yfaE"	3	0.54612973156844	0.567343974268627
"yfaX"	3	0.0939840852593849	0.0870797136045594
"yfaY"	2	0.134127539663459	0.134127539663459
"yfaZ"	2	0.29501773638069	0.29501773638069
"yfbM"	2	0.115594004584998	0.115594004584998
"yfbN"	2	0.285477778741782	0.285477778741782
"yfcM"	2	0.47912582584783	0.47912582584783
"yfcP"	6	0.172083349899919	0.146317252256904
"yfcV"	2	0.157952376999564	0.157952376999564
"yffS"	8	0.233889254390493	0.232455389130874
"yfgM"	7	0.302987695799098	0.296747051489212
"yfjG"	2	0.541814028919393	0.541814028919393
"ygaF"	11	0.387858855569394	0.354199371489376
"ygbM"	4	0.308515070153227	0.319970451098722
"ygcI"	4	0.386356366861233	0.384796990722962
"ygcO"	2	0.432252011967467	0.432252011967467
"ygeA"	6	0.156025712872235	0.0980806211819122
"ygeN"	1	1	1
"ygfB"	3	0.246559239724804	0.200519910539661
"ygfM"	11	0.285387847027455	0.283366794365296
"ygfT"	2	0.349336925799568	0.349336925799568
"ygfU"	3	0.310562701768395	0.336067817887842
"yggF"	3	0.253241168238456	0.248178286158567
"yghJ"	3	0.424336666432531	0.402519605226094
"yghZ"	2	0.438417401161661	0.438417401161661
"ygiQ"	3	0.381959822879482	0.392782639329775
"ygiT"	2	0.628891671053285	0.628891671053285
"ygjH"	3	0.0990278079797176	0.113858551536273
"ygjJ"	3	0.239465109553191	0.26252916010088
"ygjK"	2	0.161270704184746	0.161270704184746
"yhaB"	2	0.316230091480279	0.316230091480279
"yhaO"	2	0.470124482743942	0.470124482743942
"yhaV"	2	0.505022535629506	0.505022535629506
"yhbE"	2	0.584787547543067	0.584787547543067
"yhbJ"	2	0.455187548809021	0.455187548809021
"yhbU"	2	0.143410214397582	0.143410214397582
"yhbV"	6	0.367577489761191	0.379482328438711
"yhbY"	63	0.431931240741091	0.433989110262897
"yhcH"	6	0.281958493082521	0.284265627358366
"yheL"	4	0.41752790335362	0.407211478584697
"yheO"	9	0.222320446944464	0.213220058126588
"yheS"	2	0.306144870777029	0.306144870777029
"yhfU"	2	0.109197445663043	0.109197445663043
"yhiI"	2	0.500344470231611	0.500344470231611
"yhiM"	16	0.54629164719454	0.540256595641556
"yhjE"	38	0.187693504208625	0.156399458416882
"yiaB"	2	0.444352431033811	0.444352431033811
"yiaK"	2	0.32187774239851	0.32187774239851
"yibD"	2	0.148274324517614	0.148274324517614
"yibI"	2	0.472679313189358	0.472679313189358
"yibJ"	2	0.375169370406137	0.375169370406137
"yibN"	3	0.186686365714829	0.200770167683338
"yicE"	2	0.407367701989415	0.407367701989415
"yidP"	2	0.254725054570609	0.254725054570609
"yidZ"	2	0.409147702180206	0.409147702180206
"yieK"	2	0.108390978382125	0.108390978382125
"yigB"	18	0.320042774411421	0.314810350356239
"yigL"	2	0.365388665838451	0.365388665838451
"yigZ"	12	0.174801224111563	0.162729246311187
"yijD"	2	0.508389274445945	0.508389274445945
"yijF"	3	0.302243497492868	0.314660807401562
"yjbR"	2	0.544109676055547	0.544109676055547
"yjbS"	2	0.357065588515661	0.357065588515661
"yjcH"	3	0.608960074508939	0.631125959785401
"yjdA"	28	0.353875848995087	0.350411414744819
"yjdJ"	4	0.505505561166859	0.507519756142006
"yjdO"	2	0.587855348505252	0.587855348505252
"yjeO"	2	0.308929729997788	0.308929729997788
"yjfK"	2	0.26620216341965	0.26620216341965
"yjfO"	3	0.509723159277641	0.448415950095667
"yjfY"	1	1	1
"yjgI"	2	0.249717011272165	0.249717011272165
"yjgZ"	4	0.171578327782535	0.181265959799503
"yjhC"	2	0.512176094191686	0.512176094191686
"yjhX"	2	0.627019100784295	0.627019100784295
"yjiH"	3	0.400549767621137	0.409222224924143
"yjiM"	2	0.405192964220822	0.405192964220822
"yjiX"	2	0.483908537301207	0.483908537301207
"yjjI"	10	0.437024898331522	0.390978083948091
"yjjN"	10	0.175815654052663	0.15604604900398
"yjjV"	2	0.507277601450786	0.507277601450786
"ykfI"	6	0.182321101202088	0.181414513140861
"ykgB"	2	0.20958324471087	0.20958324471087
"ykgF"	2	0.507225276575146	0.507225276575146
"ylbF"	2	0.210463410147005	0.210463410147005
"yliI"	2	0.42437056853189	0.42437056853189
"ymdA"	29	0.489500587014022	0.484457394625916
"ymfE"	2	0.419206107076968	0.419206107076968
"ymfR"	2	0.363153806390621	0.363153806390621
"ymfS"	6	0.249597779424848	0.24005357976755
"ymfT"	6	0.337237555664131	0.345921611552091
"ymgC"	4	0.5543551912826	0.56854247364051
"ymgI"	3	0.618790293685709	0.617167255053887
"ynaJ"	7	0.142284425710472	0.146516778742394
"ynbB"	6	0.120994365138805	0.125305005133382
"ynbC"	1	1	1
"yncB"	8	0.544998960567393	0.544006930960922
"yncE"	2	0.459578013772707	0.459578013772707
"yncK"	6	0.227837536910987	0.224841249858179
"yneJ"	2	0.0908368372097985	0.0908368372097985
"yneK"	1	1	1
"yneL"	8	0.160820997170701	0.15877492021381
"ynfH"	7	0.381449306787161	0.382016607089898
"ynjD"	3	0.149147901231895	0.0985810555190744
"ynjE"	5	0.246032919895414	0.23897161207971
"ynjH"	5	0.301124893552166	0.244014913254873
"yoaD"	2	0.251805433148843	0.251805433148843
"yoaG"	2	0.455630712113642	0.455630712113642
"yobA"	2	0.447903465342936	0.447903465342936
"yobB"	3	0.158506607505432	0.149443495449674
"yobF"	2	0.64240946548003	0.64240946548003
"yodA"	3	0.521980042392313	0.513306794424357
"yodD"	9	0.589149537435992	0.579890256284828
"yoeB"	2	0.481110208502746	0.481110208502746
"yohC"	2	0.436295366465134	0.436295366465134
"yohF"	7	0.450324371666804	0.476236284029051
"yohK"	2	0.507532504848702	0.507532504848702
"ypeC"	2	0.335446119761781	0.335446119761781
"yphA"	2	0.404549000684475	0.404549000684475
"yphB"	2	0.138548142647893	0.138548142647893
"ypjI"	1	1	1
"yqeC"	4	0.399334621510473	0.408907316617047
"yqeK"	6	0.341419357292214	0.324277472678131
"yqgB"	24	0.488207733211009	0.488225174984693
"yqgD"	1	1	1
"yqgF"	2	0.476843853079246	0.476843853079246
"yqhG"	3	0.211214418573329	0.223234937840266
"yqiA"	2	0.197299362462964	0.197299362462964
"yrbA"	5	0.289913836770691	0.288296973937741
"yrbC"	2	0.463842137018235	0.463842137018235
"yrbF"	3	0.443614615293588	0.439232372750624
"yrbK"	4	0.360119593773898	0.368403060474543
"yrhA"	1	1	1
"ysaC"	8	0.225388532196457	0.235276228408037
"ytfP"	2	0.165958481158567	0.165958481158567
"ytfT"	8	0.507097281988827	0.507266007384544
"ythA"	1	1	1
"ytjA"	29	0.562057824489754	0.56718927861623
"zntR"	2	0.619749580846408	0.619749580846408
