"Names"	"RegulonSize"	"SpearmanCorrelationMean"	"SpearmanCorrelationMedian"
"b0001"	3	1	1
"b0002"	3	1	1
"b0003"	3	1	1
"b0004"	3	1	1
"b0005"	3	1	1
"b0006"	3	1	1
"b0007"	3	1	1
"b0008"	3	1	1
"b0009"	3	1	1
"b0010"	3	1	1
"b0011"	3	1	1
"b0013"	3	1	1
"b0014"	3	1	1
"b0015"	3	1	1
"b0016"	3	1	1
"b0018"	3	1	1
"b0019"	3	1	1
"b0020"	3	1	1
"b0021"	3	1	1
"b0022"	3	1	1
"b0023"	3	1	1
"b0024"	3	1	1
"b0025"	3	1	1
"b0026"	3	1	1
"b0027"	3	1	1
"b0028"	3	1	1
"b0029"	3	1	1
"b0030"	3	1	1
"b0031"	3	1	1
"b0032"	3	1	1
"b0033"	3	1	1
"b0034"	3	1	1
"b0035"	3	1	1
"b0036"	3	1	1
"b0037"	3	1	1
"b0038"	3	1	1
"b0039"	3	1	1
"b0040"	3	1	1
"b0041"	3	1	1
"b0042"	3	1	1
"b0043"	3	1	1
"b0044"	3	1	1
"b0045"	3	1	1
"b0046"	3	1	1
"b0047"	3	1	1
"b0048"	3	1	1
"b0049"	3	1	1
"b0050"	3	1	1
"b0051"	3	1	1
"b0052"	3	1	1
"b0053"	3	1	1
"b0054"	3	1	1
"b0055"	3	1	1
"b0058"	3	1	1
"b0059"	3	1	1
"b0060"	3	1	1
"b0061"	3	1	1
"b0062"	3	1	1
"b0063"	3	1	1
"b0064"	3	1	1
"b0065"	3	1	1
"b0066"	3	1	1
"b0067"	3	1	1
"b0068"	3	1	1
"b0069"	3	1	1
"b0070"	3	1	1
"b0071"	3	1	1
"b0072"	3	1	1
"b0073"	3	1	1
"b0074"	3	1	1
"b0075"	3	1	1
"b0076"	3	1	1
"b0077"	3	1	1
"b0078"	3	1	1
"b0080"	3	1	1
"b0081"	3	1	1
"b0082"	3	1	1
"b0083"	3	1	1
"b0084"	3	1	1
"b0085"	3	1	1
"b0086"	3	1	1
"b0087"	3	1	1
"b0088"	3	1	1
"b0089"	3	1	1
"b0090"	3	1	1
"b0091"	3	1	1
"b0092"	3	1	1
"b0093"	3	1	1
"b0094"	3	1	1
"b0095"	3	1	1
"b0096"	3	1	1
"b0097"	3	1	1
"b0098"	3	1	1
"b0099"	3	1	1
"b0101"	3	1	1
"b0102"	3	1	1
"b0103"	3	1	1
"b0104"	3	1	1
"b0106"	3	1	1
"b0107"	3	1	1
"b0108"	3	1	1
"b0109"	3	1	1
"b0110"	3	1	1
"b0111"	3	1	1
"b0112"	3	1	1
"b0113"	3	1	1
"b0114"	3	1	1
"b0115"	3	1	1
"b0116"	3	1	1
"b0117"	3	1	1
"b0118"	3	1	1
"b0119"	3	1	1
"b0120"	3	1	1
"b0121"	3	1	1
"b0122"	3	1	1
"b0123"	3	1	1
"b0124"	3	1	1
"b0125"	3	1	1
"b0126"	3	1	1
"b0127"	3	1	1
"b0128"	3	1	1
"b0129"	3	1	1
"b0130"	3	1	1
"b0131"	3	1	1
"b0132"	3	1	1
"b0133"	3	1	1
"b0134"	3	1	1
"b0135"	3	1	1
"b0136"	3	1	1
"b0137"	3	1	1
"b0138"	3	1	1
"b0139"	3	1	1
"b0140"	3	1	1
"b0141"	3	1	1
"b0142"	3	1	1
"b0143"	3	1	1
"b0144"	3	1	1
"b0145"	3	1	1
"b0146"	3	1	1
"b0147"	3	1	1
"b0148"	3	1	1
"b0149"	3	1	1
"b0150"	3	1	1
"b0151"	3	1	1
"b0152"	3	1	1
"b0153"	3	1	1
"b0154"	3	1	1
"b0155"	3	1	1
"b0156"	3	1	1
"b0157"	3	1	1
"b0158"	3	1	1
"b0159"	3	1	1
"b0160"	3	1	1
"b0161"	3	1	1
"b0162"	3	1	1
"b0163"	3	1	1
"b0164"	3	1	1
"b0166"	3	1	1
"b0167"	3	1	1
"b0168"	3	1	1
"b0169"	3	1	1
"b0170"	3	1	1
"b0171"	3	1	1
"b0172"	3	1	1
"b0173"	3	1	1
"b0174"	3	1	1
"b0175"	3	1	1
"b0176"	3	1	1
"b0177"	3	1	1
"b0178"	3	1	1
"b0179"	3	1	1
"b0180"	3	1	1
"b0181"	3	1	1
"b0182"	3	1	1
"b0183"	3	1	1
"b0184"	3	1	1
"b0185"	3	1	1
"b0186"	3	1	1
"b0187"	3	1	1
"b0188"	3	1	1
"b0189"	3	1	1
"b0190"	3	1	1
"b0191"	3	1	1
"b0192"	3	1	1
"b0193"	3	1	1
"b0194"	3	1	1
"b0195"	3	1	1
"b0196"	3	1	1
"b0197"	3	1	1
"b0198"	3	1	1
"b0199"	3	1	1
"b0200"	3	1	1
"b0207"	3	1	1
"b0208"	3	1	1
"b0209"	3	1	1
"b0210"	3	1	1
"b0211"	3	1	1
"b0212"	3	1	1
"b0213"	3	1	1
"b0214"	3	1	1
"b0215"	3	1	1
"b0217"	3	1	1
"b0218"	3	1	1
"b0219"	3	1	1
"b0220"	3	1	1
"b0221"	3	1	1
"b0222"	3	1	1
"b0223"	3	1	1
"b0224"	3	1	1
"b0225"	3	1	1
"b0226"	3	1	1
"b0227"	3	1	1
"b0228"	3	1	1
"b0229"	3	1	1
"b0230"	3	1	1
"b0231"	3	1	1
"b0232"	3	1	1
"b0233"	3	1	1
"b0234"	3	1	1
"b0235"	3	1	1
"b0236"	3	1	1
"b0237"	3	1	1
"b0238"	3	1	1
"b0239"	3	1	1
"b0240"	3	1	1
"b0241"	3	1	1
"b0242"	3	1	1
"b0243"	3	1	1
"b0245"	3	1	1
"b0246"	3	1	1
"b0247"	3	1	1
"b0248"	3	1	1
"b0249"	3	1	1
"b0250"	3	1	1
"b0251"	3	1	1
"b0252"	3	1	1
"b0253"	3	1	1
"b0254"	3	1	1
"b0256"	3	1	1
"b0258"	3	1	1
"b0259"	3	1	1
"b0260"	3	1	1
"b0261"	3	1	1
"b0262"	3	1	1
"b0263"	3	1	1
"b0264"	3	1	1
"b0265"	3	1	1
"b0266"	3	1	1
"b0267"	3	1	1
"b0268"	3	1	1
"b0269"	3	1	1
"b0270"	3	1	1
"b0271"	3	1	1
"b0272"	3	1	1
"b0273"	3	1	1
"b0274"	3	1	1
"b0275"	3	1	1
"b0276"	3	1	1
"b0277"	3	1	1
"b0278"	3	1	1
"b0279"	3	1	1
"b0280"	3	1	1
"b0281"	3	1	1
"b0283"	3	1	1
"b0284"	3	1	1
"b0285"	3	1	1
"b0286"	3	1	1
"b0287"	3	1	1
"b0288"	3	1	1
"b0289"	3	1	1
"b0290"	3	1	1
"b0291"	3	1	1
"b0292"	3	1	1
"b0293"	3	1	1
"b0294"	3	1	1
"b0295"	3	1	1
"b0296"	3	1	1
"b0297"	3	1	1
"b0298"	3	1	1
"b0299"	3	1	1
"b0300"	3	1	1
"b0301"	3	1	1
"b0303"	3	1	1
"b0304"	3	1	1
"b0305"	3	1	1
"b0306"	3	1	1
"b0307"	3	1	1
"b0308"	3	1	1
"b0310"	3	1	1
"b0311"	3	1	1
"b0312"	3	1	1
"b0313"	3	1	1
"b0314"	3	1	1
"b0315"	3	1	1
"b0316"	3	1	1
"b0317"	3	1	1
"b0318"	3	1	1
"b0319"	3	1	1
"b0320"	3	1	1
"b0321"	3	1	1
"b0323"	3	1	1
"b0324"	3	1	1
"b0325"	3	1	1
"b0326"	3	1	1
"b0327"	3	1	1
"b0328"	3	1	1
"b0329"	3	1	1
"b0330"	3	1	1
"b0331"	3	1	1
"b0333"	3	1	1
"b0334"	3	1	1
"b0335"	3	1	1
"b0336"	3	1	1
"b0337"	3	1	1
"b0338"	3	1	1
"b0339"	3	1	1
"b0340"	3	1	1
"b0341"	3	1	1
"b0342"	3	1	1
"b0343"	3	1	1
"b0344"	3	1	1
"b0345"	3	1	1
"b0346"	3	1	1
"b0347"	3	1	1
"b0348"	3	1	1
"b0349"	3	1	1
"b0350"	3	1	1
"b0351"	3	1	1
"b0352"	3	1	1
"b0353"	3	1	1
"b0354"	3	1	1
"b0355"	3	1	1
"b0356"	3	1	1
"b0357"	3	1	1
"b0358"	3	1	1
"b0360"	3	1	1
"b0361"	3	1	1
"b0363"	3	1	1
"b0364"	3	1	1
"b0365"	3	1	1
"b0366"	3	1	1
"b0367"	3	1	1
"b0368"	3	1	1
"b0369"	3	1	1
"b0372"	3	1	1
"b0373"	3	1	1
"b0375"	3	1	1
"b0376"	3	1	1
"b0377"	3	1	1
"b0378"	3	1	1
"b0379"	3	1	1
"b0380"	3	1	1
"b0381"	3	1	1
"b0382"	3	1	1
"b0383"	3	1	1
"b0384"	3	1	1
"b0385"	3	1	1
"b0386"	3	1	1
"b0387"	3	1	1
"b0388"	3	1	1
"b0389"	3	1	1
"b0390"	3	1	1
"b0391"	3	1	1
"b0392"	3	1	1
"b0393"	3	1	1
"b0394"	3	1	1
"b0396"	3	1	1
"b0397"	3	1	1
"b0398"	3	1	1
"b0399"	3	1	1
"b0400"	3	1	1
"b0401"	3	1	1
"b0402"	3	1	1
"b0403"	3	1	1
"b0404"	3	1	1
"b0405"	3	1	1
"b0406"	3	1	1
"b0407"	3	1	1
"b0408"	3	1	1
"b0409"	3	1	1
"b0410"	3	1	1
"b0411"	3	1	1
"b0412"	3	1	1
"b0413"	3	1	1
"b0414"	3	1	1
"b0415"	3	1	1
"b0416"	3	1	1
"b0417"	3	1	1
"b0418"	3	1	1
"b0419"	3	1	1
"b0420"	3	1	1
"b0421"	3	1	1
"b0422"	3	1	1
"b0423"	3	1	1
"b0424"	3	1	1
"b0425"	3	1	1
"b0426"	3	1	1
"b0427"	3	1	1
"b0428"	3	1	1
"b0429"	3	1	1
"b0430"	3	1	1
"b0431"	3	1	1
"b0432"	3	1	1
"b0433"	3	1	1
"b0434"	3	1	1
"b0435"	3	1	1
"b0436"	3	1	1
"b0437"	3	1	1
"b0438"	3	1	1
"b0439"	3	1	1
"b0440"	3	1	1
"b0441"	3	1	1
"b0442"	3	1	1
"b0443"	3	1	1
"b0444"	3	1	1
"b0445"	3	1	1
"b0446"	3	1	1
"b0447"	3	1	1
"b0448"	3	1	1
"b0449"	3	1	1
"b0450"	3	1	1
"b0451"	3	1	1
"b0452"	3	1	1
"b0453"	3	1	1
"b0454"	3	1	1
"b0456"	3	1	1
"b0457"	3	1	1
"b0458"	3	1	1
"b0459"	3	1	1
"b0460"	3	1	1
"b0461"	3	1	1
"b0462"	3	1	1
"b0463"	3	1	1
"b0464"	3	1	1
"b0465"	3	1	1
"b0466"	3	1	1
"b0467"	3	1	1
"b0468"	3	1	1
"b0469"	3	1	1
"b0470"	3	1	1
"b0471"	3	1	1
"b0472"	3	1	1
"b0473"	3	1	1
"b0474"	3	1	1
"b0475"	3	1	1
"b0476"	3	1	1
"b0477"	3	1	1
"b0478"	3	1	1
"b0479"	3	1	1
"b0480"	3	1	1
"b0481"	3	1	1
"b0482"	3	1	1
"b0483"	3	1	1
"b0484"	3	1	1
"b0485"	3	1	1
"b0486"	3	1	1
"b0487"	3	1	1
"b0488"	3	1	1
"b0489"	3	1	1
"b0490"	3	1	1
"b0491"	3	1	1
"b0492"	3	1	1
"b0493"	3	1	1
"b0494"	3	1	1
"b0495"	3	1	1
"b0496"	3	1	1
"b0497"	3	1	1
"b0498"	3	1	1
"b0499"	3	1	1
"b0501"	3	1	1
"b0502"	3	1	1
"b0503"	3	1	1
"b0504"	3	1	1
"b0505"	3	1	1
"b0506"	3	1	1
"b0507"	3	1	1
"b0508"	3	1	1
"b0509"	3	1	1
"b0511"	3	1	1
"b0512"	3	1	1
"b0513"	3	1	1
"b0514"	3	1	1
"b0515"	3	1	1
"b0516"	3	1	1
"b0517"	3	1	1
"b0518"	3	1	1
"b0520"	3	1	1
"b0521"	3	1	1
"b0522"	3	1	1
"b0523"	3	1	1
"b0524"	3	1	1
"b0525"	3	1	1
"b0526"	3	1	1
"b0527"	3	1	1
"b0528"	3	1	1
"b0529"	3	1	1
"b0530"	3	1	1
"b0531"	3	1	1
"b0532"	3	1	1
"b0533"	3	1	1
"b0534"	3	1	1
"b0535"	3	1	1
"b0537"	3	1	1
"b0539"	3	1	1
"b0540"	3	1	1
"b0541"	3	1	1
"b0542"	3	1	1
"b0543"	3	1	1
"b0544"	3	1	1
"b0545"	3	1	1
"b0546"	3	1	1
"b0547"	3	1	1
"b0548"	3	1	1
"b0549"	3	1	1
"b0550"	3	1	1
"b0551"	3	1	1
"b0552"	3	1	1
"b0553"	3	1	1
"b0554"	3	1	1
"b0555"	3	1	1
"b0556"	3	1	1
"b0557"	3	1	1
"b0558"	3	1	1
"b0559"	3	1	1
"b0560"	3	1	1
"b0561"	3	1	1
"b0562"	3	1	1
"b0563"	3	1	1
"b0564"	3	1	1
"b0565"	3	1	1
"b0566"	3	1	1
"b0567"	3	1	1
"b0568"	3	1	1
"b0569"	3	1	1
"b0570"	3	1	1
"b0571"	3	1	1
"b0572"	3	1	1
"b0573"	3	1	1
"b0574"	3	1	1
"b0575"	3	1	1
"b0576"	3	1	1
"b0577"	3	1	1
"b0578"	3	1	1
"b0579"	3	1	1
"b0580"	3	1	1
"b0581"	3	1	1
"b0582"	3	1	1
"b0583"	3	1	1
"b0584"	3	1	1
"b0585"	3	1	1
"b0586"	3	1	1
"b0587"	3	1	1
"b0588"	3	1	1
"b0589"	3	1	1
"b0590"	3	1	1
"b0591"	3	1	1
"b0592"	3	1	1
"b0593"	3	1	1
"b0594"	3	1	1
"b0595"	3	1	1
"b0596"	3	1	1
"b0597"	3	1	1
"b0598"	3	1	1
"b0599"	3	1	1
"b0600"	3	1	1
"b0601"	3	1	1
"b0602"	3	1	1
"b0603"	3	1	1
"b0604"	3	1	1
"b0605"	3	1	1
"b0606"	3	1	1
"b0607"	3	1	1
"b0608"	3	1	1
"b0610"	3	1	1
"b0611"	3	1	1
"b0612"	3	1	1
"b0613"	3	1	1
"b0614"	3	1	1
"b0615"	3	1	1
"b0616"	3	1	1
"b0617"	3	1	1
"b0618"	3	1	1
"b0619"	3	1	1
"b0620"	3	1	1
"b0621"	3	1	1
"b0622"	3	1	1
"b0623"	3	1	1
"b0624"	3	1	1
"b0627"	3	1	1
"b0628"	3	1	1
"b0629"	3	1	1
"b0630"	3	1	1
"b0631"	3	1	1
"b0632"	3	1	1
"b0633"	3	1	1
"b0634"	3	1	1
"b0635"	3	1	1
"b0636"	3	1	1
"b0637"	3	1	1
"b0638"	3	1	1
"b0639"	3	1	1
"b0640"	3	1	1
"b0641"	3	1	1
"b0642"	3	1	1
"b0643"	3	1	1
"b0644"	3	1	1
"b0645"	3	1	1
"b0646"	3	1	1
"b0647"	3	1	1
"b0648"	3	1	1
"b0649"	3	1	1
"b0650"	3	1	1
"b0651"	3	1	1
"b0652"	3	1	1
"b0653"	3	1	1
"b0654"	3	1	1
"b0655"	3	1	1
"b0656"	3	1	1
"b0657"	3	1	1
"b0658"	3	1	1
"b0659"	3	1	1
"b0660"	3	1	1
"b0661"	3	1	1
"b0662"	3	1	1
"b0674"	3	1	1
"b0675"	3	1	1
"b0676"	3	1	1
"b0677"	3	1	1
"b0678"	3	1	1
"b0679"	3	1	1
"b0680"	3	1	1
"b0681"	3	1	1
"b0682"	3	1	1
"b0683"	3	1	1
"b0684"	3	1	1
"b0685"	3	1	1
"b0686"	3	1	1
"b0687"	3	1	1
"b0688"	3	1	1
"b0689"	3	1	1
"b0691"	3	1	1
"b0692"	3	1	1
"b0693"	3	1	1
"b0694"	3	1	1
"b0695"	3	1	1
"b0696"	3	1	1
"b0697"	3	1	1
"b0698"	3	1	1
"b0699"	3	1	1
"b0700"	3	1	1
"b0702"	3	1	1
"b0703"	3	1	1
"b0704"	3	1	1
"b0705"	3	1	1
"b0706"	3	1	1
"b0707"	3	1	1
"b0708"	3	1	1
"b0709"	3	1	1
"b0710"	3	1	1
"b0711"	3	1	1
"b0712"	3	1	1
"b0713"	3	1	1
"b0714"	3	1	1
"b0715"	3	1	1
"b0716"	3	1	1
"b0717"	3	1	1
"b0718"	3	1	1
"b0719"	3	1	1
"b0720"	3	1	1
"b0721"	3	1	1
"b0722"	3	1	1
"b0723"	3	1	1
"b0724"	3	1	1
"b0726"	3	1	1
"b0727"	3	1	1
"b0728"	3	1	1
"b0729"	3	1	1
"b0730"	3	1	1
"b0731"	3	1	1
"b0732"	3	1	1
"b0733"	3	1	1
"b0734"	3	1	1
"b0735"	3	1	1
"b0736"	3	1	1
"b0737"	3	1	1
"b0738"	3	1	1
"b0739"	3	1	1
"b0740"	3	1	1
"b0741"	3	1	1
"b0742"	3	1	1
"b0750"	3	1	1
"b0751"	3	1	1
"b0752"	3	1	1
"b0753"	3	1	1
"b0754"	3	1	1
"b0755"	3	1	1
"b0756"	3	1	1
"b0757"	3	1	1
"b0758"	3	1	1
"b0759"	3	1	1
"b0760"	3	1	1
"b0761"	3	1	1
"b0762"	3	1	1
"b0763"	3	1	1
"b0764"	3	1	1
"b0765"	3	1	1
"b0766"	3	1	1
"b0767"	3	1	1
"b0768"	3	1	1
"b0769"	3	1	1
"b0770"	3	1	1
"b0771"	3	1	1
"b0772"	3	1	1
"b0773"	3	1	1
"b0774"	3	1	1
"b0775"	3	1	1
"b0776"	3	1	1
"b0777"	3	1	1
"b0778"	3	1	1
"b0779"	3	1	1
"b0780"	3	1	1
"b0781"	3	1	1
"b0782"	3	1	1
"b0783"	3	1	1
"b0784"	3	1	1
"b0785"	3	1	1
"b0786"	3	1	1
"b0787"	3	1	1
"b0788"	3	1	1
"b0789"	3	1	1
"b0790"	3	1	1
"b0791"	3	1	1
"b0792"	3	1	1
"b0793"	3	1	1
"b0794"	3	1	1
"b0795"	3	1	1
"b0796"	3	1	1
"b0797"	3	1	1
"b0798"	3	1	1
"b0799"	3	1	1
"b0800"	3	1	1
"b0801"	3	1	1
"b0802"	3	1	1
"b0803"	3	1	1
"b0804"	3	1	1
"b0805"	3	1	1
"b0806"	3	1	1
"b0807"	3	1	1
"b0808"	3	1	1
"b0809"	3	1	1
"b0810"	3	1	1
"b0811"	3	1	1
"b0812"	3	1	1
"b0813"	3	1	1
"b0814"	3	1	1
"b0815"	3	1	1
"b0817"	3	1	1
"b0818"	3	1	1
"b0819"	3	1	1
"b0820"	3	1	1
"b0821"	3	1	1
"b0822"	3	1	1
"b0823"	3	1	1
"b0824"	3	1	1
"b0825"	3	1	1
"b0826"	3	1	1
"b0827"	3	1	1
"b0828"	3	1	1
"b0829"	3	1	1
"b0830"	3	1	1
"b0831"	3	1	1
"b0832"	3	1	1
"b0833"	3	1	1
"b0834"	3	1	1
"b0835"	3	1	1
"b0836"	3	1	1
"b0837"	3	1	1
"b0838"	3	1	1
"b0839"	3	1	1
"b0840"	3	1	1
"b0841"	3	1	1
"b0842"	3	1	1
"b0843"	3	1	1
"b0844"	3	1	1
"b0845"	3	1	1
"b0846"	3	1	1
"b0847"	3	1	1
"b0848"	3	1	1
"b0849"	3	1	1
"b0850"	3	1	1
"b0851"	3	1	1
"b0852"	3	1	1
"b0853"	3	1	1
"b0854"	3	1	1
"b0855"	3	1	1
"b0856"	3	1	1
"b0857"	3	1	1
"b0858"	3	1	1
"b0859"	3	1	1
"b0860"	3	1	1
"b0861"	3	1	1
"b0862"	3	1	1
"b0863"	3	1	1
"b0864"	3	1	1
"b0865"	3	1	1
"b0866"	3	1	1
"b0867"	3	1	1
"b0868"	3	1	1
"b0869"	3	1	1
"b0870"	3	1	1
"b0871"	3	1	1
"b0872"	3	1	1
"b0873"	3	1	1
"b0874"	3	1	1
"b0875"	3	1	1
"b0876"	3	1	1
"b0877"	3	1	1
"b0878"	3	1	1
"b0879"	3	1	1
"b0880"	3	1	1
"b0881"	3	1	1
"b0882"	3	1	1
"b0884"	3	1	1
"b0885"	3	1	1
"b0886"	3	1	1
"b0887"	3	1	1
"b0888"	3	1	1
"b0889"	3	1	1
"b0890"	3	1	1
"b0891"	3	1	1
"b0892"	3	1	1
"b0893"	3	1	1
"b0894"	3	1	1
"b0895"	3	1	1
"b0896"	3	1	1
"b0897"	3	1	1
"b0898"	3	1	1
"b0899"	3	1	1
"b0900"	3	1	1
"b0901"	3	1	1
"b0902"	3	1	1
"b0903"	3	1	1
"b0904"	3	1	1
"b0905"	3	1	1
"b0906"	3	1	1
"b0907"	3	1	1
"b0908"	3	1	1
"b0909"	3	1	1
"b0910"	3	1	1
"b0911"	3	1	1
"b0912"	3	1	1
"b0913"	3	1	1
"b0914"	3	1	1
"b0915"	3	1	1
"b0916"	3	1	1
"b0917"	3	1	1
"b0918"	3	1	1
"b0919"	3	1	1
"b0920"	3	1	1
"b0921"	3	1	1
"b0922"	3	1	1
"b0923"	3	1	1
"b0924"	3	1	1
"b0925"	3	1	1
"b0926"	3	1	1
"b0927"	3	1	1
"b0928"	3	1	1
"b0929"	3	1	1
"b0930"	3	1	1
"b0931"	3	1	1
"b0932"	3	1	1
"b0933"	3	1	1
"b0934"	3	1	1
"b0935"	3	1	1
"b0936"	3	1	1
"b0937"	3	1	1
"b0938"	3	1	1
"b0939"	3	1	1
"b0940"	3	1	1
"b0941"	3	1	1
"b0942"	3	1	1
"b0943"	3	1	1
"b0944"	3	1	1
"b0945"	3	1	1
"b0946"	3	1	1
"b0947"	3	1	1
"b0948"	3	1	1
"b0949"	3	1	1
"b0950"	3	1	1
"b0951"	3	1	1
"b0952"	3	1	1
"b0953"	3	1	1
"b0954"	3	1	1
"b0955"	3	1	1
"b0956"	3	1	1
"b0957"	3	1	1
"b0958"	3	1	1
"b0959"	3	1	1
"b0960"	3	1	1
"b0961"	3	1	1
"b0962"	3	1	1
"b0963"	3	1	1
"b0964"	3	1	1
"b0965"	3	1	1
"b0966"	3	1	1
"b0967"	3	1	1
"b0968"	3	1	1
"b0969"	3	1	1
"b0970"	3	1	1
"b0972"	3	1	1
"b0973"	3	1	1
"b0974"	3	1	1
"b0975"	3	1	1
"b0976"	3	1	1
"b0977"	3	1	1
"b0978"	3	1	1
"b0979"	3	1	1
"b0980"	3	1	1
"b0981"	3	1	1
"b0982"	3	1	1
"b0983"	3	1	1
"b0984"	3	1	1
"b0985"	3	1	1
"b0986"	3	1	1
"b0987"	3	1	1
"b0988"	3	1	1
"b0989"	3	1	1
"b0990"	3	1	1
"b0991"	3	1	1
"b0992"	3	1	1
"b0993"	3	1	1
"b0994"	3	1	1
"b0995"	3	1	1
"b0996"	3	1	1
"b0997"	3	1	1
"b0998"	3	1	1
"b0999"	3	1	1
"b1000"	3	1	1
"b1001"	3	1	1
"b1002"	3	1	1
"b1003"	3	1	1
"b1004"	3	1	1
"b1006"	3	1	1
"b1007"	3	1	1
"b1008"	3	1	1
"b1009"	3	1	1
"b1010"	3	1	1
"b1011"	3	1	1
"b1012"	3	1	1
"b1013"	3	1	1
"b1014"	3	1	1
"b1015"	3	1	1
"b1018"	3	1	1
"b1019"	3	1	1
"b1020"	3	1	1
"b1021"	3	1	1
"b1022"	3	1	1
"b1023"	3	1	1
"b1024"	3	1	1
"b1025"	3	1	1
"b1026"	3	1	1
"b1027"	3	1	1
"b1028"	3	1	1
"b1029"	3	1	1
"b1033"	3	1	1
"b1034"	3	1	1
"b1035"	3	1	1
"b1036"	3	1	1
"b1037"	3	1	1
"b1038"	3	1	1
"b1039"	3	1	1
"b1040"	3	1	1
"b1041"	3	1	1
"b1042"	3	1	1
"b1043"	3	1	1
"b1044"	3	1	1
"b1045"	3	1	1
"b1046"	3	1	1
"b1047"	3	1	1
"b1048"	3	1	1
"b1049"	3	1	1
"b1050"	3	1	1
"b1051"	3	1	1
"b1053"	3	1	1
"b1054"	3	1	1
"b1055"	3	1	1
"b1056"	3	1	1
"b1057"	3	1	1
"b1058"	3	1	1
"b1059"	3	1	1
"b1060"	3	1	1
"b1061"	3	1	1
"b1062"	3	1	1
"b1063"	3	1	1
"b1064"	3	1	1
"b1065"	3	1	1
"b1066"	3	1	1
"b1067"	3	1	1
"b1068"	3	1	1
"b1069"	3	1	1
"b1070"	3	1	1
"b1071"	3	1	1
"b1072"	3	1	1
"b1073"	3	1	1
"b1074"	3	1	1
"b1075"	3	1	1
"b1076"	3	1	1
"b1077"	3	1	1
"b1078"	3	1	1
"b1079"	3	1	1
"b1080"	3	1	1
"b1081"	3	1	1
"b1082"	3	1	1
"b1083"	3	1	1
"b1084"	3	1	1
"b1085"	3	1	1
"b1086"	3	1	1
"b1087"	3	1	1
"b1088"	3	1	1
"b1089"	3	1	1
"b1090"	3	1	1
"b1091"	3	1	1
"b1092"	3	1	1
"b1093"	3	1	1
"b1094"	3	1	1
"b1095"	3	1	1
"b1096"	3	1	1
"b1097"	3	1	1
"b1098"	3	1	1
"b1099"	3	1	1
"b1100"	3	1	1
"b1101"	3	1	1
"b1102"	3	1	1
"b1103"	3	1	1
"b1104"	3	1	1
"b1105"	3	1	1
"b1106"	3	1	1
"b1107"	3	1	1
"b1108"	3	1	1
"b1109"	3	1	1
"b1110"	3	1	1
"b1111"	3	1	1
"b1112"	3	1	1
"b1113"	3	1	1
"b1114"	3	1	1
"b1115"	3	1	1
"b1116"	3	1	1
"b1117"	3	1	1
"b1118"	3	1	1
"b1119"	3	1	1
"b1120"	3	1	1
"b1121"	3	1	1
"b1122"	3	1	1
"b1123"	3	1	1
"b1124"	3	1	1
"b1125"	3	1	1
"b1126"	3	1	1
"b1127"	3	1	1
"b1128"	3	1	1
"b1129"	3	1	1
"b1130"	3	1	1
"b1131"	3	1	1
"b1132"	3	1	1
"b1133"	3	1	1
"b1134"	3	1	1
"b1135"	3	1	1
"b1136"	3	1	1
"b1137"	3	1	1
"b1138"	3	1	1
"b1139"	3	1	1
"b1140"	3	1	1
"b1141"	3	1	1
"b1143"	3	1	1
"b1144"	3	1	1
"b1145"	3	1	1
"b1146"	3	1	1
"b1147"	3	1	1
"b1148"	3	1	1
"b1150"	3	1	1
"b1151"	3	1	1
"b1152"	3	1	1
"b1153"	3	1	1
"b1154"	3	1	1
"b1155"	3	1	1
"b1156"	3	1	1
"b1157"	3	1	1
"b1158"	3	1	1
"b1159"	3	1	1
"b1160"	3	1	1
"b1161"	3	1	1
"b1162"	3	1	1
"b1163"	3	1	1
"b1164"	3	1	1
"b1165"	3	1	1
"b1166"	3	1	1
"b1167"	3	1	1
"b1168"	3	1	1
"b1171"	3	1	1
"b1172"	3	1	1
"b1174"	3	1	1
"b1175"	3	1	1
"b1176"	3	1	1
"b1177"	3	1	1
"b1178"	3	1	1
"b1179"	3	1	1
"b1180"	3	1	1
"b1181"	3	1	1
"b1182"	3	1	1
"b1183"	3	1	1
"b1184"	3	1	1
"b1185"	3	1	1
"b1186"	3	1	1
"b1187"	3	1	1
"b1188"	3	1	1
"b1189"	3	1	1
"b1190"	3	1	1
"b1191"	3	1	1
"b1192"	3	1	1
"b1193"	3	1	1
"b1194"	3	1	1
"b1195"	3	1	1
"b1196"	3	1	1
"b1197"	3	1	1
"b1198"	3	1	1
"b1199"	3	1	1
"b1200"	3	1	1
"b1201"	3	1	1
"b1202"	3	1	1
"b1203"	3	1	1
"b1204"	3	1	1
"b1205"	3	1	1
"b1206"	3	1	1
"b1207"	3	1	1
"b1208"	3	1	1
"b1209"	3	1	1
"b1210"	3	1	1
"b1211"	3	1	1
"b1212"	3	1	1
"b1213"	3	1	1
"b1214"	3	1	1
"b1215"	3	1	1
"b1216"	3	1	1
"b1217"	3	1	1
"b1218"	3	1	1
"b1219"	3	1	1
"b1220"	3	1	1
"b1221"	3	1	1
"b1222"	3	1	1
"b1223"	3	1	1
"b1224"	3	1	1
"b1225"	3	1	1
"b1226"	3	1	1
"b1227"	3	1	1
"b1229"	3	1	1
"b1232"	3	1	1
"b1233"	3	1	1
"b1234"	3	1	1
"b1235"	3	1	1
"b1236"	3	1	1
"b1237"	3	1	1
"b1238"	3	1	1
"b1241"	3	1	1
"b1242"	3	1	1
"b1243"	3	1	1
"b1244"	3	1	1
"b1245"	3	1	1
"b1246"	3	1	1
"b1247"	3	1	1
"b1248"	3	1	1
"b1249"	3	1	1
"b1250"	3	1	1
"b1251"	3	1	1
"b1252"	3	1	1
"b1253"	3	1	1
"b1254"	3	1	1
"b1255"	3	1	1
"b1256"	3	1	1
"b1257"	3	1	1
"b1258"	3	1	1
"b1259"	3	1	1
"b1260"	3	1	1
"b1261"	3	1	1
"b1262"	3	1	1
"b1263"	3	1	1
"b1264"	3	1	1
"b1265"	3	1	1
"b1266"	3	1	1
"b1267"	3	1	1
"b1268"	3	1	1
"b1269"	3	1	1
"b1270"	3	1	1
"b1271"	3	1	1
"b1272"	3	1	1
"b1273"	3	1	1
"b1274"	3	1	1
"b1275"	3	1	1
"b1276"	3	1	1
"b1277"	3	1	1
"b1278"	3	1	1
"b1279"	3	1	1
"b1280"	3	1	1
"b1281"	3	1	1
"b1282"	3	1	1
"b1283"	3	1	1
"b1284"	3	1	1
"b1285"	3	1	1
"b1286"	3	1	1
"b1287"	3	1	1
"b1288"	3	1	1
"b1289"	3	1	1
"b1290"	3	1	1
"b1291"	3	1	1
"b1292"	3	1	1
"b1293"	3	1	1
"b1294"	3	1	1
"b1295"	3	1	1
"b1296"	3	1	1
"b1297"	3	1	1
"b1298"	3	1	1
"b1299"	3	1	1
"b1300"	3	1	1
"b1301"	3	1	1
"b1302"	3	1	1
"b1303"	3	1	1
"b1304"	3	1	1
"b1305"	3	1	1
"b1306"	3	1	1
"b1307"	3	1	1
"b1308"	3	1	1
"b1309"	3	1	1
"b1310"	3	1	1
"b1311"	3	1	1
"b1312"	3	1	1
"b1313"	3	1	1
"b1314"	3	1	1
"b1315"	3	1	1
"b1316"	3	1	1
"b1317"	3	1	1
"b1319"	3	1	1
"b1320"	3	1	1
"b1321"	3	1	1
"b1322"	3	1	1
"b1323"	3	1	1
"b1324"	3	1	1
"b1325"	3	1	1
"b1326"	3	1	1
"b1327"	3	1	1
"b1328"	3	1	1
"b1329"	3	1	1
"b1330"	3	1	1
"b1331"	3	1	1
"b1332"	3	1	1
"b1333"	3	1	1
"b1334"	3	1	1
"b1335"	3	1	1
"b1336"	3	1	1
"b1337"	3	1	1
"b1338"	3	1	1
"b1339"	3	1	1
"b1340"	3	1	1
"b1341"	3	1	1
"b1342"	3	1	1
"b1343"	3	1	1
"b1344"	3	1	1
"b1345"	3	1	1
"b1346"	3	1	1
"b1347"	3	1	1
"b1348"	3	1	1
"b1349"	3	1	1
"b1350"	3	1	1
"b1351"	3	1	1
"b1352"	3	1	1
"b1353"	3	1	1
"b1355"	3	1	1
"b1356"	3	1	1
"b1357"	3	1	1
"b1358"	3	1	1
"b1359"	3	1	1
"b1360"	3	1	1
"b1361"	3	1	1
"b1362"	3	1	1
"b1363"	3	1	1
"b1365"	3	1	1
"b1366"	3	1	1
"b1368"	3	1	1
"b1370"	3	1	1
"b1372"	3	1	1
"b1373"	3	1	1
"b1374"	3	1	1
"b1375"	3	1	1
"b1376"	3	1	1
"b1377"	3	1	1
"b1378"	3	1	1
"b1379"	3	1	1
"b1380"	3	1	1
"b1381"	3	1	1
"b1382"	3	1	1
"b1383"	3	1	1
"b1384"	3	1	1
"b1385"	3	1	1
"b1386"	3	1	1
"b1387"	3	1	1
"b1388"	3	1	1
"b1389"	3	1	1
"b1390"	3	1	1
"b1391"	3	1	1
"b1392"	3	1	1
"b1393"	3	1	1
"b1394"	3	1	1
"b1395"	3	1	1
"b1396"	3	1	1
"b1397"	3	1	1
"b1398"	3	1	1
"b1399"	3	1	1
"b1400"	3	1	1
"b1402"	3	1	1
"b1403"	3	1	1
"b1404"	3	1	1
"b1406"	3	1	1
"b1407"	3	1	1
"b1408"	3	1	1
"b1409"	3	1	1
"b1410"	3	1	1
"b1411"	3	1	1
"b1412"	3	1	1
"b1413"	3	1	1
"b1414"	3	1	1
"b1415"	3	1	1
"b1418"	3	1	1
"b1419"	3	1	1
"b1420"	3	1	1
"b1421"	3	1	1
"b1422"	3	1	1
"b1423"	3	1	1
"b1424"	3	1	1
"b1426"	3	1	1
"b1427"	3	1	1
"b1428"	3	1	1
"b1429"	3	1	1
"b1430"	3	1	1
"b1431"	3	1	1
"b1432"	3	1	1
"b1433"	3	1	1
"b1434"	3	1	1
"b1435"	3	1	1
"b1436"	3	1	1
"b1438"	3	1	1
"b1439"	3	1	1
"b1440"	3	1	1
"b1441"	3	1	1
"b1442"	3	1	1
"b1443"	3	1	1
"b1444"	3	1	1
"b1445"	3	1	1
"b1446"	3	1	1
"b1447"	3	1	1
"b1448"	3	1	1
"b1449"	3	1	1
"b1450"	3	1	1
"b1451"	3	1	1
"b1452"	3	1	1
"b1453"	3	1	1
"b1454"	3	1	1
"b1455"	3	1	1
"b1456"	3	1	1
"b1457"	3	1	1
"b1459"	3	1	1
"b1460"	3	1	1
"b1461"	3	1	1
"b1462"	3	1	1
"b1463"	3	1	1
"b1464"	3	1	1
"b1465"	3	1	1
"b1466"	3	1	1
"b1467"	3	1	1
"b1468"	3	1	1
"b1469"	3	1	1
"b1471"	3	1	1
"b1472"	3	1	1
"b1473"	3	1	1
"b1474"	3	1	1
"b1475"	3	1	1
"b1476"	3	1	1
"b1477"	3	1	1
"b1478"	3	1	1
"b1479"	3	1	1
"b1480"	3	1	1
"b1481"	3	1	1
"b1482"	3	1	1
"b1483"	3	1	1
"b1484"	3	1	1
"b1485"	3	1	1
"b1486"	3	1	1
"b1487"	3	1	1
"b1488"	3	1	1
"b1489"	3	1	1
"b1490"	3	1	1
"b1491"	3	1	1
"b1492"	3	1	1
"b1493"	3	1	1
"b1494"	3	1	1
"b1495"	3	1	1
"b1496"	3	1	1
"b1497"	3	1	1
"b1498"	3	1	1
"b1499"	3	1	1
"b1500"	3	1	1
"b1501"	3	1	1
"b1502"	3	1	1
"b1503"	3	1	1
"b1504"	3	1	1
"b1505"	3	1	1
"b1506"	3	1	1
"b1507"	3	1	1
"b1508"	3	1	1
"b1511"	3	1	1
"b1512"	3	1	1
"b1513"	3	1	1
"b1514"	3	1	1
"b1515"	3	1	1
"b1516"	3	1	1
"b1517"	3	1	1
"b1518"	3	1	1
"b1519"	3	1	1
"b1520"	3	1	1
"b1521"	3	1	1
"b1522"	3	1	1
"b1523"	3	1	1
"b1524"	3	1	1
"b1525"	3	1	1
"b1526"	3	1	1
"b1527"	3	1	1
"b1528"	3	1	1
"b1529"	3	1	1
"b1530"	3	1	1
"b1531"	3	1	1
"b1532"	3	1	1
"b1533"	3	1	1
"b1534"	3	1	1
"b1535"	3	1	1
"b1536"	3	1	1
"b1537"	3	1	1
"b1538"	3	1	1
"b1539"	3	1	1
"b1540"	3	1	1
"b1541"	3	1	1
"b1542"	3	1	1
"b1544"	3	1	1
"b1545"	3	1	1
"b1546"	3	1	1
"b1547"	3	1	1
"b1548"	3	1	1
"b1549"	3	1	1
"b1550"	3	1	1
"b1551"	3	1	1
"b1552"	3	1	1
"b1553"	3	1	1
"b1554"	3	1	1
"b1555"	3	1	1
"b1556"	3	1	1
"b1557"	3	1	1
"b1558"	3	1	1
"b1559"	3	1	1
"b1560"	3	1	1
"b1561"	3	1	1
"b1562"	3	1	1
"b1563"	3	1	1
"b1564"	3	1	1
"b1565"	3	1	1
"b1566"	3	1	1
"b1567"	3	1	1
"b1568"	3	1	1
"b1569"	3	1	1
"b1570"	3	1	1
"b1571"	3	1	1
"b1572"	3	1	1
"b1573"	3	1	1
"b1575"	3	1	1
"b1576"	3	1	1
"b1577"	3	1	1
"b1578"	3	1	1
"b1579"	3	1	1
"b1580"	3	1	1
"b1581"	3	1	1
"b1582"	3	1	1
"b1583"	3	1	1
"b1584"	3	1	1
"b1585"	3	1	1
"b1586"	3	1	1
"b1587"	3	1	1
"b1588"	3	1	1
"b1589"	3	1	1
"b1590"	3	1	1
"b1591"	3	1	1
"b1592"	3	1	1
"b1593"	3	1	1
"b1594"	3	1	1
"b1595"	3	1	1
"b1596"	3	1	1
"b1597"	3	1	1
"b1598"	3	1	1
"b1599"	3	1	1
"b1600"	3	1	1
"b1601"	3	1	1
"b1602"	3	1	1
"b1603"	3	1	1
"b1604"	3	1	1
"b1605"	3	1	1
"b1606"	3	1	1
"b1607"	3	1	1
"b1608"	3	1	1
"b1609"	3	1	1
"b1610"	3	1	1
"b1611"	3	1	1
"b1612"	3	1	1
"b1613"	3	1	1
"b1614"	3	1	1
"b1615"	3	1	1
"b1616"	3	1	1
"b1617"	3	1	1
"b1618"	3	1	1
"b1619"	3	1	1
"b1620"	3	1	1
"b1621"	3	1	1
"b1622"	3	1	1
"b1623"	3	1	1
"b1624"	3	1	1
"b1625"	3	1	1
"b1626"	3	1	1
"b1627"	3	1	1
"b1628"	3	1	1
"b1629"	3	1	1
"b1630"	3	1	1
"b1631"	3	1	1
"b1632"	3	1	1
"b1633"	3	1	1
"b1634"	3	1	1
"b1635"	3	1	1
"b1636"	3	1	1
"b1637"	3	1	1
"b1638"	3	1	1
"b1639"	3	1	1
"b1640"	3	1	1
"b1641"	3	1	1
"b1642"	3	1	1
"b1643"	3	1	1
"b1644"	3	1	1
"b1645"	3	1	1
"b1646"	3	1	1
"b1647"	3	1	1
"b1648"	3	1	1
"b1649"	3	1	1
"b1650"	3	1	1
"b1651"	3	1	1
"b1652"	3	1	1
"b1653"	3	1	1
"b1654"	3	1	1
"b1655"	3	1	1
"b1656"	3	1	1
"b1657"	3	1	1
"b1658"	3	1	1
"b1659"	3	1	1
"b1660"	3	1	1
"b1661"	3	1	1
"b1662"	3	1	1
"b1663"	3	1	1
"b1664"	3	1	1
"b1667"	3	1	1
"b1668"	3	1	1
"b1669"	3	1	1
"b1670"	3	1	1
"b1671"	3	1	1
"b1672"	3	1	1
"b1673"	3	1	1
"b1674"	3	1	1
"b1675"	3	1	1
"b1676"	3	1	1
"b1677"	3	1	1
"b1678"	3	1	1
"b1679"	3	1	1
"b1680"	3	1	1
"b1681"	3	1	1
"b1682"	3	1	1
"b1683"	3	1	1
"b1684"	3	1	1
"b1685"	3	1	1
"b1686"	3	1	1
"b1687"	3	1	1
"b1688"	3	1	1
"b1689"	3	1	1
"b1690"	3	1	1
"b1691"	3	1	1
"b1692"	3	1	1
"b1693"	3	1	1
"b1694"	3	1	1
"b1695"	3	1	1
"b1696"	3	1	1
"b1697"	3	1	1
"b1698"	3	1	1
"b1699"	3	1	1
"b1700"	3	1	1
"b1701"	3	1	1
"b1702"	3	1	1
"b1703"	3	1	1
"b1704"	3	1	1
"b1705"	3	1	1
"b1706"	3	1	1
"b1707"	3	1	1
"b1708"	3	1	1
"b1709"	3	1	1
"b1710"	3	1	1
"b1711"	3	1	1
"b1712"	3	1	1
"b1713"	3	1	1
"b1714"	3	1	1
"b1715"	3	1	1
"b1716"	3	1	1
"b1717"	3	1	1
"b1718"	3	1	1
"b1719"	3	1	1
"b1722"	3	1	1
"b1723"	3	1	1
"b1724"	3	1	1
"b1725"	3	1	1
"b1726"	3	1	1
"b1727"	3	1	1
"b1728"	3	1	1
"b1729"	3	1	1
"b1730"	3	1	1
"b1731"	3	1	1
"b1732"	3	1	1
"b1733"	3	1	1
"b1734"	3	1	1
"b1735"	3	1	1
"b1736"	3	1	1
"b1737"	3	1	1
"b1738"	3	1	1
"b1739"	3	1	1
"b1740"	3	1	1
"b1741"	3	1	1
"b1742"	3	1	1
"b1743"	3	1	1
"b1744"	3	1	1
"b1745"	3	1	1
"b1746"	3	1	1
"b1747"	3	1	1
"b1748"	3	1	1
"b1749"	3	1	1
"b1750"	3	1	1
"b1751"	3	1	1
"b1752"	3	1	1
"b1753"	3	1	1
"b1754"	3	1	1
"b1755"	3	1	1
"b1756"	3	1	1
"b1757"	3	1	1
"b1758"	3	1	1
"b1759"	3	1	1
"b1760"	3	1	1
"b1761"	3	1	1
"b1762"	3	1	1
"b1763"	3	1	1
"b1764"	3	1	1
"b1765"	3	1	1
"b1766"	3	1	1
"b1767"	3	1	1
"b1768"	3	1	1
"b1769"	3	1	1
"b1770"	3	1	1
"b1771"	3	1	1
"b1772"	3	1	1
"b1773"	3	1	1
"b1774"	3	1	1
"b1775"	3	1	1
"b1776"	3	1	1
"b1777"	3	1	1
"b1778"	3	1	1
"b1779"	3	1	1
"b1780"	3	1	1
"b1781"	3	1	1
"b1782"	3	1	1
"b1783"	3	1	1
"b1784"	3	1	1
"b1785"	3	1	1
"b1786"	3	1	1
"b1787"	3	1	1
"b1788"	3	1	1
"b1789"	3	1	1
"b1790"	3	1	1
"b1791"	3	1	1
"b1792"	3	1	1
"b1793"	3	1	1
"b1794"	3	1	1
"b1795"	3	1	1
"b1796"	3	1	1
"b1797"	3	1	1
"b1798"	3	1	1
"b1799"	3	1	1
"b1800"	3	1	1
"b1801"	3	1	1
"b1802"	3	1	1
"b1803"	3	1	1
"b1804"	3	1	1
"b1805"	3	1	1
"b1806"	3	1	1
"b1807"	3	1	1
"b1808"	3	1	1
"b1809"	3	1	1
"b1810"	3	1	1
"b1811"	3	1	1
"b1812"	3	1	1
"b1813"	3	1	1
"b1814"	3	1	1
"b1815"	3	1	1
"b1816"	3	1	1
"b1817"	3	1	1
"b1818"	3	1	1
"b1819"	3	1	1
"b1820"	3	1	1
"b1821"	3	1	1
"b1822"	3	1	1
"b1823"	3	1	1
"b1824"	3	1	1
"b1825"	3	1	1
"b1826"	3	1	1
"b1827"	3	1	1
"b1828"	3	1	1
"b1829"	3	1	1
"b1830"	3	1	1
"b1831"	3	1	1
"b1832"	3	1	1
"b1833"	3	1	1
"b1834"	3	1	1
"b1835"	3	1	1
"b1836"	3	1	1
"b1837"	3	1	1
"b1838"	3	1	1
"b1839"	3	1	1
"b1840"	3	1	1
"b1841"	3	1	1
"b1842"	3	1	1
"b1843"	3	1	1
"b1844"	3	1	1
"b1845"	3	1	1
"b1846"	3	1	1
"b1847"	3	1	1
"b1848"	3	1	1
"b1849"	3	1	1
"b1850"	3	1	1
"b1851"	3	1	1
"b1852"	3	1	1
"b1853"	3	1	1
"b1854"	3	1	1
"b1855"	3	1	1
"b1856"	3	1	1
"b1857"	3	1	1
"b1858"	3	1	1
"b1859"	3	1	1
"b1860"	3	1	1
"b1861"	3	1	1
"b1862"	3	1	1
"b1863"	3	1	1
"b1864"	3	1	1
"b1865"	3	1	1
"b1866"	3	1	1
"b1867"	3	1	1
"b1868"	3	1	1
"b1869"	3	1	1
"b1870"	3	1	1
"b1871"	3	1	1
"b1872"	3	1	1
"b1873"	3	1	1
"b1874"	3	1	1
"b1875"	3	1	1
"b1876"	3	1	1
"b1877"	3	1	1
"b1878"	3	1	1
"b1879"	3	1	1
"b1880"	3	1	1
"b1881"	3	1	1
"b1882"	3	1	1
"b1883"	3	1	1
"b1884"	3	1	1
"b1885"	3	1	1
"b1886"	3	1	1
"b1887"	3	1	1
"b1888"	3	1	1
"b1889"	3	1	1
"b1890"	3	1	1
"b1891"	3	1	1
"b1892"	3	1	1
"b1893"	3	1	1
"b1894"	3	1	1
"b1895"	3	1	1
"b1896"	3	1	1
"b1897"	3	1	1
"b1900"	3	1	1
"b1901"	3	1	1
"b1902"	3	1	1
"b1904"	3	1	1
"b1905"	3	1	1
"b1906"	3	1	1
"b1907"	3	1	1
"b1908"	3	1	1
"b1912"	3	1	1
"b1913"	3	1	1
"b1914"	3	1	1
"b1915"	3	1	1
"b1916"	3	1	1
"b1917"	3	1	1
"b1918"	3	1	1
"b1919"	3	1	1
"b1920"	3	1	1
"b1921"	3	1	1
"b1922"	3	1	1
"b1923"	3	1	1
"b1924"	3	1	1
"b1925"	3	1	1
"b1926"	3	1	1
"b1927"	3	1	1
"b1928"	3	1	1
"b1929"	3	1	1
"b1930"	3	1	1
"b1931"	3	1	1
"b1932"	3	1	1
"b1936"	3	1	1
"b1937"	3	1	1
"b1938"	3	1	1
"b1939"	3	1	1
"b1940"	3	1	1
"b1941"	3	1	1
"b1942"	3	1	1
"b1943"	3	1	1
"b1944"	3	1	1
"b1945"	3	1	1
"b1946"	3	1	1
"b1947"	3	1	1
"b1948"	3	1	1
"b1949"	3	1	1
"b1950"	3	1	1
"b1951"	3	1	1
"b1952"	3	1	1
"b1953"	3	1	1
"b1955"	3	1	1
"b1956"	3	1	1
"b1957"	3	1	1
"b1958"	3	1	1
"b1959"	3	1	1
"b1960"	3	1	1
"b1961"	3	1	1
"b1962"	3	1	1
"b1963"	3	1	1
"b1967"	3	1	1
"b1968"	3	1	1
"b1969"	3	1	1
"b1970"	3	1	1
"b1971"	3	1	1
"b1972"	3	1	1
"b1973"	3	1	1
"b1974"	3	1	1
"b1976"	3	1	1
"b1978"	3	1	1
"b1981"	3	1	1
"b1982"	3	1	1
"b1983"	3	1	1
"b1985"	3	1	1
"b1987"	3	1	1
"b1988"	3	1	1
"b1990"	3	1	1
"b1991"	3	1	1
"b1992"	3	1	1
"b1993"	3	1	1
"b1994"	3	1	1
"b1996"	3	1	1
"b1997"	3	1	1
"b1999"	3	1	1
"b2000"	3	1	1
"b2001"	3	1	1
"b2002"	3	1	1
"b2003"	3	1	1
"b2004"	3	1	1
"b2005"	3	1	1
"b2006"	3	1	1
"b2007"	3	1	1
"b2008"	3	1	1
"b2009"	3	1	1
"b2010"	3	1	1
"b2011"	3	1	1
"b2012"	3	1	1
"b2013"	3	1	1
"b2014"	3	1	1
"b2015"	3	1	1
"b2016"	3	1	1
"b2017"	3	1	1
"b2018"	3	1	1
"b2019"	3	1	1
"b2020"	3	1	1
"b2021"	3	1	1
"b2022"	3	1	1
"b2023"	3	1	1
"b2024"	3	1	1
"b2025"	3	1	1
"b2026"	3	1	1
"b2027"	3	1	1
"b2028"	3	1	1
"b2029"	3	1	1
"b2030"	3	1	1
"b2032"	3	1	1
"b2033"	3	1	1
"b2034"	3	1	1
"b2035"	3	1	1
"b2036"	3	1	1
"b2037"	3	1	1
"b2038"	3	1	1
"b2039"	3	1	1
"b2040"	3	1	1
"b2041"	3	1	1
"b2042"	3	1	1
"b2043"	3	1	1
"b2044"	3	1	1
"b2045"	3	1	1
"b2046"	3	1	1
"b2047"	3	1	1
"b2048"	3	1	1
"b2049"	3	1	1
"b2050"	3	1	1
"b2051"	3	1	1
"b2052"	3	1	1
"b2053"	3	1	1
"b2054"	3	1	1
"b2055"	3	1	1
"b2056"	3	1	1
"b2057"	3	1	1
"b2058"	3	1	1
"b2059"	3	1	1
"b2060"	3	1	1
"b2061"	3	1	1
"b2062"	3	1	1
"b2063"	3	1	1
"b2064"	3	1	1
"b2065"	3	1	1
"b2066"	3	1	1
"b2067"	3	1	1
"b2068"	3	1	1
"b2069"	3	1	1
"b2070"	3	1	1
"b2071"	3	1	1
"b2072"	3	1	1
"b2073"	3	1	1
"b2074"	3	1	1
"b2075"	3	1	1
"b2076"	3	1	1
"b2077"	3	1	1
"b2078"	3	1	1
"b2079"	3	1	1
"b2080"	3	1	1
"b2081"	3	1	1
"b2082"	3	1	1
"b2083"	3	1	1
"b2085"	3	1	1
"b2086"	3	1	1
"b2088"	3	1	1
"b2089"	3	1	1
"b2091"	3	1	1
"b2092"	3	1	1
"b2093"	3	1	1
"b2094"	3	1	1
"b2095"	3	1	1
"b2096"	3	1	1
"b2097"	3	1	1
"b2098"	3	1	1
"b2099"	3	1	1
"b2100"	3	1	1
"b2101"	3	1	1
"b2102"	3	1	1
"b2103"	3	1	1
"b2104"	3	1	1
"b2105"	3	1	1
"b2106"	3	1	1
"b2107"	3	1	1
"b2108"	3	1	1
"b2109"	3	1	1
"b2110"	3	1	1
"b2111"	3	1	1
"b2112"	3	1	1
"b2113"	3	1	1
"b2114"	3	1	1
"b2118"	3	1	1
"b2119"	3	1	1
"b2120"	3	1	1
"b2121"	3	1	1
"b2122"	3	1	1
"b2123"	3	1	1
"b2124"	3	1	1
"b2125"	3	1	1
"b2126"	3	1	1
"b2127"	3	1	1
"b2128"	3	1	1
"b2129"	3	1	1
"b2130"	3	1	1
"b2131"	3	1	1
"b2132"	3	1	1
"b2133"	3	1	1
"b2134"	3	1	1
"b2135"	3	1	1
"b2136"	3	1	1
"b2137"	3	1	1
"b2139"	3	1	1
"b2140"	3	1	1
"b2141"	3	1	1
"b2142"	3	1	1
"b2143"	3	1	1
"b2144"	3	1	1
"b2145"	3	1	1
"b2146"	3	1	1
"b2147"	3	1	1
"b2148"	3	1	1
"b2149"	3	1	1
"b2150"	3	1	1
"b2151"	3	1	1
"b2152"	3	1	1
"b2153"	3	1	1
"b2154"	3	1	1
"b2155"	3	1	1
"b2156"	3	1	1
"b2157"	3	1	1
"b2158"	3	1	1
"b2159"	3	1	1
"b2160"	3	1	1
"b2161"	3	1	1
"b2162"	3	1	1
"b2163"	3	1	1
"b2164"	3	1	1
"b2165"	3	1	1
"b2166"	3	1	1
"b2167"	3	1	1
"b2168"	3	1	1
"b2169"	3	1	1
"b2170"	3	1	1
"b2171"	3	1	1
"b2172"	3	1	1
"b2173"	3	1	1
"b2174"	3	1	1
"b2175"	3	1	1
"b2176"	3	1	1
"b2177"	3	1	1
"b2178"	3	1	1
"b2179"	3	1	1
"b2180"	3	1	1
"b2181"	3	1	1
"b2182"	3	1	1
"b2183"	3	1	1
"b2184"	3	1	1
"b2185"	3	1	1
"b2186"	3	1	1
"b2187"	3	1	1
"b2188"	3	1	1
"b2190"	3	1	1
"b2192"	3	1	1
"b2193"	3	1	1
"b2194"	3	1	1
"b2195"	3	1	1
"b2196"	3	1	1
"b2197"	3	1	1
"b2198"	3	1	1
"b2199"	3	1	1
"b2200"	3	1	1
"b2201"	3	1	1
"b2202"	3	1	1
"b2203"	3	1	1
"b2204"	3	1	1
"b2205"	3	1	1
"b2206"	3	1	1
"b2207"	3	1	1
"b2208"	3	1	1
"b2209"	3	1	1
"b2210"	3	1	1
"b2211"	3	1	1
"b2212"	3	1	1
"b2213"	3	1	1
"b2214"	3	1	1
"b2215"	3	1	1
"b2216"	3	1	1
"b2217"	3	1	1
"b2218"	3	1	1
"b2219"	3	1	1
"b2220"	3	1	1
"b2221"	3	1	1
"b2222"	3	1	1
"b2223"	3	1	1
"b2224"	3	1	1
"b2225"	3	1	1
"b2226"	3	1	1
"b2229"	3	1	1
"b2230"	3	1	1
"b2231"	3	1	1
"b2232"	3	1	1
"b2233"	3	1	1
"b2234"	3	1	1
"b2235"	3	1	1
"b2236"	3	1	1
"b2237"	3	1	1
"b2238"	3	1	1
"b2239"	3	1	1
"b2240"	3	1	1
"b2241"	3	1	1
"b2242"	3	1	1
"b2243"	3	1	1
"b2244"	3	1	1
"b2245"	3	1	1
"b2246"	3	1	1
"b2247"	3	1	1
"b2248"	3	1	1
"b2249"	3	1	1
"b2250"	3	1	1
"b2251"	3	1	1
"b2252"	3	1	1
"b2253"	3	1	1
"b2254"	3	1	1
"b2255"	3	1	1
"b2256"	3	1	1
"b2257"	3	1	1
"b2258"	3	1	1
"b2259"	3	1	1
"b2260"	3	1	1
"b2261"	3	1	1
"b2262"	3	1	1
"b2263"	3	1	1
"b2264"	3	1	1
"b2265"	3	1	1
"b2266"	3	1	1
"b2267"	3	1	1
"b2268"	3	1	1
"b2269"	3	1	1
"b2270"	3	1	1
"b2271"	3	1	1
"b2272"	3	1	1
"b2273"	3	1	1
"b2274"	3	1	1
"b2275"	3	1	1
"b2276"	3	1	1
"b2277"	3	1	1
"b2278"	3	1	1
"b2279"	3	1	1
"b2280"	3	1	1
"b2281"	3	1	1
"b2282"	3	1	1
"b2283"	3	1	1
"b2284"	3	1	1
"b2285"	3	1	1
"b2286"	3	1	1
"b2287"	3	1	1
"b2288"	3	1	1
"b2289"	3	1	1
"b2290"	3	1	1
"b2291"	3	1	1
"b2292"	3	1	1
"b2293"	3	1	1
"b2294"	3	1	1
"b2295"	3	1	1
"b2296"	3	1	1
"b2297"	3	1	1
"b2298"	3	1	1
"b2299"	3	1	1
"b2300"	3	1	1
"b2301"	3	1	1
"b2302"	3	1	1
"b2303"	3	1	1
"b2304"	3	1	1
"b2305"	3	1	1
"b2306"	3	1	1
"b2307"	3	1	1
"b2308"	3	1	1
"b2309"	3	1	1
"b2310"	3	1	1
"b2311"	3	1	1
"b2312"	3	1	1
"b2313"	3	1	1
"b2314"	3	1	1
"b2315"	3	1	1
"b2316"	3	1	1
"b2317"	3	1	1
"b2318"	3	1	1
"b2319"	3	1	1
"b2320"	3	1	1
"b2321"	3	1	1
"b2322"	3	1	1
"b2323"	3	1	1
"b2324"	3	1	1
"b2325"	3	1	1
"b2326"	3	1	1
"b2327"	3	1	1
"b2328"	3	1	1
"b2329"	3	1	1
"b2330"	3	1	1
"b2331"	3	1	1
"b2332"	3	1	1
"b2333"	3	1	1
"b2334"	3	1	1
"b2335"	3	1	1
"b2336"	3	1	1
"b2339"	3	1	1
"b2340"	3	1	1
"b2341"	3	1	1
"b2342"	3	1	1
"b2343"	3	1	1
"b2344"	3	1	1
"b2345"	3	1	1
"b2346"	3	1	1
"b2347"	3	1	1
"b2349"	3	1	1
"b2350"	3	1	1
"b2351"	3	1	1
"b2352"	3	1	1
"b2353"	3	1	1
"b2354"	3	1	1
"b2355"	3	1	1
"b2356"	3	1	1
"b2357"	3	1	1
"b2358"	3	1	1
"b2359"	3	1	1
"b2360"	3	1	1
"b2361"	3	1	1
"b2362"	3	1	1
"b2363"	3	1	1
"b2364"	3	1	1
"b2365"	3	1	1
"b2366"	3	1	1
"b2367"	3	1	1
"b2368"	3	1	1
"b2369"	3	1	1
"b2370"	3	1	1
"b2371"	3	1	1
"b2372"	3	1	1
"b2373"	3	1	1
"b2374"	3	1	1
"b2375"	3	1	1
"b2376"	3	1	1
"b2377"	3	1	1
"b2378"	3	1	1
"b2379"	3	1	1
"b2380"	3	1	1
"b2381"	3	1	1
"b2382"	3	1	1
"b2383"	3	1	1
"b2384"	3	1	1
"b2385"	3	1	1
"b2386"	3	1	1
"b2387"	3	1	1
"b2388"	3	1	1
"b2389"	3	1	1
"b2390"	3	1	1
"b2392"	3	1	1
"b2393"	3	1	1
"b2394"	3	1	1
"b2395"	3	1	1
"b2398"	3	1	1
"b2399"	3	1	1
"b2400"	3	1	1
"b2405"	3	1	1
"b2406"	3	1	1
"b2407"	3	1	1
"b2408"	3	1	1
"b2409"	3	1	1
"b2410"	3	1	1
"b2411"	3	1	1
"b2412"	3	1	1
"b2413"	3	1	1
"b2414"	3	1	1
"b2415"	3	1	1
"b2416"	3	1	1
"b2417"	3	1	1
"b2418"	3	1	1
"b2419"	3	1	1
"b2420"	3	1	1
"b2421"	3	1	1
"b2422"	3	1	1
"b2423"	3	1	1
"b2424"	3	1	1
"b2425"	3	1	1
"b2426"	3	1	1
"b2427"	3	1	1
"b2428"	3	1	1
"b2429"	3	1	1
"b2430"	3	1	1
"b2431"	3	1	1
"b2432"	3	1	1
"b2433"	3	1	1
"b2434"	3	1	1
"b2435"	3	1	1
"b2436"	3	1	1
"b2437"	3	1	1
"b2438"	3	1	1
"b2439"	3	1	1
"b2440"	3	1	1
"b2441"	3	1	1
"b2442"	3	1	1
"b2443"	3	1	1
"b2444"	3	1	1
"b2445"	3	1	1
"b2446"	3	1	1
"b2447"	3	1	1
"b2448"	3	1	1
"b2449"	3	1	1
"b2450"	3	1	1
"b2451"	3	1	1
"b2452"	3	1	1
"b2453"	3	1	1
"b2454"	3	1	1
"b2455"	3	1	1
"b2456"	3	1	1
"b2457"	3	1	1
"b2458"	3	1	1
"b2459"	3	1	1
"b2460"	3	1	1
"b2461"	3	1	1
"b2462"	3	1	1
"b2463"	3	1	1
"b2464"	3	1	1
"b2465"	3	1	1
"b2466"	3	1	1
"b2467"	3	1	1
"b2468"	3	1	1
"b2469"	3	1	1
"b2470"	3	1	1
"b2471"	3	1	1
"b2472"	3	1	1
"b2473"	3	1	1
"b2474"	3	1	1
"b2475"	3	1	1
"b2476"	3	1	1
"b2477"	3	1	1
"b2478"	3	1	1
"b2479"	3	1	1
"b2480"	3	1	1
"b2481"	3	1	1
"b2482"	3	1	1
"b2483"	3	1	1
"b2484"	3	1	1
"b2485"	3	1	1
"b2486"	3	1	1
"b2487"	3	1	1
"b2488"	3	1	1
"b2489"	3	1	1
"b2490"	3	1	1
"b2491"	3	1	1
"b2492"	3	1	1
"b2493"	3	1	1
"b2494"	3	1	1
"b2495"	3	1	1
"b2496"	3	1	1
"b2497"	3	1	1
"b2498"	3	1	1
"b2499"	3	1	1
"b2500"	3	1	1
"b2501"	3	1	1
"b2502"	3	1	1
"b2503"	3	1	1
"b2504"	3	1	1
"b2505"	3	1	1
"b2506"	3	1	1
"b2507"	3	1	1
"b2508"	3	1	1
"b2509"	3	1	1
"b2510"	3	1	1
"b2511"	3	1	1
"b2512"	3	1	1
"b2513"	3	1	1
"b2514"	3	1	1
"b2515"	3	1	1
"b2516"	3	1	1
"b2517"	3	1	1
"b2518"	3	1	1
"b2519"	3	1	1
"b2520"	3	1	1
"b2521"	3	1	1
"b2522"	3	1	1
"b2523"	3	1	1
"b2524"	3	1	1
"b2525"	3	1	1
"b2526"	3	1	1
"b2527"	3	1	1
"b2528"	3	1	1
"b2529"	3	1	1
"b2530"	3	1	1
"b2531"	3	1	1
"b2532"	3	1	1
"b2533"	3	1	1
"b2534"	3	1	1
"b2535"	3	1	1
"b2536"	3	1	1
"b2537"	3	1	1
"b2538"	3	1	1
"b2539"	3	1	1
"b2540"	3	1	1
"b2541"	3	1	1
"b2542"	3	1	1
"b2543"	3	1	1
"b2544"	3	1	1
"b2545"	3	1	1
"b2546"	3	1	1
"b2547"	3	1	1
"b2548"	3	1	1
"b2549"	3	1	1
"b2550"	3	1	1
"b2551"	3	1	1
"b2552"	3	1	1
"b2553"	3	1	1
"b2554"	3	1	1
"b2555"	3	1	1
"b2556"	3	1	1
"b2557"	3	1	1
"b2558"	3	1	1
"b2559"	3	1	1
"b2560"	3	1	1
"b2561"	3	1	1
"b2562"	3	1	1
"b2563"	3	1	1
"b2564"	3	1	1
"b2565"	3	1	1
"b2566"	3	1	1
"b2567"	3	1	1
"b2568"	3	1	1
"b2569"	3	1	1
"b2570"	3	1	1
"b2571"	3	1	1
"b2572"	3	1	1
"b2573"	3	1	1
"b2574"	3	1	1
"b2575"	3	1	1
"b2576"	3	1	1
"b2577"	3	1	1
"b2578"	3	1	1
"b2579"	3	1	1
"b2580"	3	1	1
"b2581"	3	1	1
"b2582"	3	1	1
"b2583"	3	1	1
"b2584"	3	1	1
"b2585"	3	1	1
"b2586"	3	1	1
"b2587"	3	1	1
"b2592"	3	1	1
"b2593"	3	1	1
"b2594"	3	1	1
"b2595"	3	1	1
"b2597"	3	1	1
"b2598"	3	1	1
"b2599"	3	1	1
"b2600"	3	1	1
"b2601"	3	1	1
"b2602"	3	1	1
"b2603"	3	1	1
"b2604"	3	1	1
"b2605"	3	1	1
"b2606"	3	1	1
"b2607"	3	1	1
"b2608"	3	1	1
"b2609"	3	1	1
"b2610"	3	1	1
"b2611"	3	1	1
"b2614"	3	1	1
"b2615"	3	1	1
"b2616"	3	1	1
"b2617"	3	1	1
"b2618"	3	1	1
"b2619"	3	1	1
"b2620"	3	1	1
"b2622"	3	1	1
"b2623"	3	1	1
"b2624"	3	1	1
"b2625"	3	1	1
"b2626"	3	1	1
"b2627"	3	1	1
"b2628"	3	1	1
"b2629"	3	1	1
"b2630"	3	1	1
"b2631"	3	1	1
"b2632"	3	1	1
"b2633"	3	1	1
"b2634"	3	1	1
"b2635"	3	1	1
"b2636"	3	1	1
"b2637"	3	1	1
"b2638"	3	1	1
"b2641"	3	1	1
"b2642"	3	1	1
"b2643"	3	1	1
"b2644"	3	1	1
"b2645"	3	1	1
"b2646"	3	1	1
"b2647"	3	1	1
"b2648"	3	1	1
"b2650"	3	1	1
"b2659"	3	1	1
"b2660"	3	1	1
"b2661"	3	1	1
"b2662"	3	1	1
"b2663"	3	1	1
"b2664"	3	1	1
"b2665"	3	1	1
"b2666"	3	1	1
"b2667"	3	1	1
"b2668"	3	1	1
"b2669"	3	1	1
"b2670"	3	1	1
"b2671"	3	1	1
"b2672"	3	1	1
"b2673"	3	1	1
"b2674"	3	1	1
"b2675"	3	1	1
"b2676"	3	1	1
"b2677"	3	1	1
"b2678"	3	1	1
"b2679"	3	1	1
"b2681"	3	1	1
"b2682"	3	1	1
"b2683"	3	1	1
"b2684"	3	1	1
"b2685"	3	1	1
"b2686"	3	1	1
"b2687"	3	1	1
"b2688"	3	1	1
"b2689"	3	1	1
"b2690"	3	1	1
"b2696"	3	1	1
"b2697"	3	1	1
"b2698"	3	1	1
"b2699"	3	1	1
"b2700"	3	1	1
"b2701"	3	1	1
"b2702"	3	1	1
"b2703"	3	1	1
"b2704"	3	1	1
"b2705"	3	1	1
"b2706"	3	1	1
"b2707"	3	1	1
"b2708"	3	1	1
"b2709"	3	1	1
"b2710"	3	1	1
"b2711"	3	1	1
"b2712"	3	1	1
"b2713"	3	1	1
"b2714"	3	1	1
"b2715"	3	1	1
"b2716"	3	1	1
"b2717"	3	1	1
"b2718"	3	1	1
"b2719"	3	1	1
"b2720"	3	1	1
"b2721"	3	1	1
"b2722"	3	1	1
"b2723"	3	1	1
"b2724"	3	1	1
"b2725"	3	1	1
"b2726"	3	1	1
"b2727"	3	1	1
"b2728"	3	1	1
"b2729"	3	1	1
"b2730"	3	1	1
"b2731"	3	1	1
"b2732"	3	1	1
"b2733"	3	1	1
"b2734"	3	1	1
"b2735"	3	1	1
"b2736"	3	1	1
"b2737"	3	1	1
"b2738"	3	1	1
"b2739"	3	1	1
"b2740"	3	1	1
"b2741"	3	1	1
"b2742"	3	1	1
"b2743"	3	1	1
"b2744"	3	1	1
"b2745"	3	1	1
"b2746"	3	1	1
"b2747"	3	1	1
"b2748"	3	1	1
"b2749"	3	1	1
"b2750"	3	1	1
"b2751"	3	1	1
"b2752"	3	1	1
"b2753"	3	1	1
"b2754"	3	1	1
"b2755"	3	1	1
"b2756"	3	1	1
"b2757"	3	1	1
"b2758"	3	1	1
"b2759"	3	1	1
"b2760"	3	1	1
"b2761"	3	1	1
"b2762"	3	1	1
"b2763"	3	1	1
"b2764"	3	1	1
"b2765"	3	1	1
"b2766"	3	1	1
"b2767"	3	1	1
"b2768"	3	1	1
"b2769"	3	1	1
"b2770"	3	1	1
"b2771"	3	1	1
"b2774"	3	1	1
"b2775"	3	1	1
"b2776"	3	1	1
"b2777"	3	1	1
"b2778"	3	1	1
"b2779"	3	1	1
"b2780"	3	1	1
"b2781"	3	1	1
"b2782"	3	1	1
"b2783"	3	1	1
"b2784"	3	1	1
"b2785"	3	1	1
"b2786"	3	1	1
"b2787"	3	1	1
"b2788"	3	1	1
"b2789"	3	1	1
"b2790"	3	1	1
"b2791"	3	1	1
"b2792"	3	1	1
"b2793"	3	1	1
"b2794"	3	1	1
"b2795"	3	1	1
"b2796"	3	1	1
"b2797"	3	1	1
"b2798"	3	1	1
"b2799"	3	1	1
"b2800"	3	1	1
"b2801"	3	1	1
"b2802"	3	1	1
"b2803"	3	1	1
"b2804"	3	1	1
"b2805"	3	1	1
"b2806"	3	1	1
"b2807"	3	1	1
"b2808"	3	1	1
"b2809"	3	1	1
"b2810"	3	1	1
"b2811"	3	1	1
"b2812"	3	1	1
"b2813"	3	1	1
"b2817"	3	1	1
"b2818"	3	1	1
"b2819"	3	1	1
"b2820"	3	1	1
"b2821"	3	1	1
"b2822"	3	1	1
"b2823"	3	1	1
"b2824"	3	1	1
"b2825"	3	1	1
"b2826"	3	1	1
"b2827"	3	1	1
"b2828"	3	1	1
"b2829"	3	1	1
"b2830"	3	1	1
"b2831"	3	1	1
"b2832"	3	1	1
"b2833"	3	1	1
"b2834"	3	1	1
"b2835"	3	1	1
"b2836"	3	1	1
"b2837"	3	1	1
"b2838"	3	1	1
"b2839"	3	1	1
"b2840"	3	1	1
"b2841"	3	1	1
"b2842"	3	1	1
"b2843"	3	1	1
"b2844"	3	1	1
"b2845"	3	1	1
"b2846"	3	1	1
"b2847"	3	1	1
"b2848"	3	1	1
"b2849"	3	1	1
"b2850"	3	1	1
"b2851"	3	1	1
"b2852"	3	1	1
"b2853"	3	1	1
"b2854"	3	1	1
"b2856"	3	1	1
"b2858"	3	1	1
"b2859"	3	1	1
"b2860"	3	1	1
"b2861"	3	1	1
"b2863"	3	1	1
"b2865"	3	1	1
"b2866"	3	1	1
"b2867"	3	1	1
"b2868"	3	1	1
"b2869"	3	1	1
"b2870"	3	1	1
"b2871"	3	1	1
"b2872"	3	1	1
"b2873"	3	1	1
"b2874"	3	1	1
"b2875"	3	1	1
"b2876"	3	1	1
"b2877"	3	1	1
"b2878"	3	1	1
"b2879"	3	1	1
"b2880"	3	1	1
"b2881"	3	1	1
"b2882"	3	1	1
"b2883"	3	1	1
"b2886"	3	1	1
"b2887"	3	1	1
"b2888"	3	1	1
"b2889"	3	1	1
"b2890"	3	1	1
"b2891"	3	1	1
"b2892"	3	1	1
"b2893"	3	1	1
"b2894"	3	1	1
"b2895"	3	1	1
"b2896"	3	1	1
"b2897"	3	1	1
"b2898"	3	1	1
"b2899"	3	1	1
"b2900"	3	1	1
"b2901"	3	1	1
"b2902"	3	1	1
"b2903"	3	1	1
"b2904"	3	1	1
"b2905"	3	1	1
"b2906"	3	1	1
"b2907"	3	1	1
"b2908"	3	1	1
"b2909"	3	1	1
"b2910"	3	1	1
"b2912"	3	1	1
"b2913"	3	1	1
"b2914"	3	1	1
"b2915"	3	1	1
"b2916"	3	1	1
"b2917"	3	1	1
"b2918"	3	1	1
"b2919"	3	1	1
"b2920"	3	1	1
"b2921"	3	1	1
"b2922"	3	1	1
"b2923"	3	1	1
"b2924"	3	1	1
"b2925"	3	1	1
"b2926"	3	1	1
"b2927"	3	1	1
"b2928"	3	1	1
"b2929"	3	1	1
"b2930"	3	1	1
"b2933"	3	1	1
"b2934"	3	1	1
"b2935"	3	1	1
"b2936"	3	1	1
"b2937"	3	1	1
"b2938"	3	1	1
"b2939"	3	1	1
"b2940"	3	1	1
"b2942"	3	1	1
"b2943"	3	1	1
"b2944"	3	1	1
"b2945"	3	1	1
"b2946"	3	1	1
"b2947"	3	1	1
"b2948"	3	1	1
"b2949"	3	1	1
"b2950"	3	1	1
"b2951"	3	1	1
"b2952"	3	1	1
"b2953"	3	1	1
"b2954"	3	1	1
"b2955"	3	1	1
"b2956"	3	1	1
"b2957"	3	1	1
"b2958"	3	1	1
"b2959"	3	1	1
"b2960"	3	1	1
"b2961"	3	1	1
"b2962"	3	1	1
"b2963"	3	1	1
"b2964"	3	1	1
"b2965"	3	1	1
"b2966"	3	1	1
"b2968"	3	1	1
"b2969"	3	1	1
"b2970"	3	1	1
"b2971"	3	1	1
"b2972"	3	1	1
"b2975"	3	1	1
"b2976"	3	1	1
"b2977"	3	1	1
"b2979"	3	1	1
"b2980"	3	1	1
"b2981"	3	1	1
"b2982"	3	1	1
"b2983"	3	1	1
"b2984"	3	1	1
"b2985"	3	1	1
"b2986"	3	1	1
"b2987"	3	1	1
"b2988"	3	1	1
"b2989"	3	1	1
"b2990"	3	1	1
"b2991"	3	1	1
"b2992"	3	1	1
"b2993"	3	1	1
"b2994"	3	1	1
"b2995"	3	1	1
"b2996"	3	1	1
"b2997"	3	1	1
"b2998"	3	1	1
"b3001"	3	1	1
"b3002"	3	1	1
"b3003"	3	1	1
"b3005"	3	1	1
"b3006"	3	1	1
"b3008"	3	1	1
"b3009"	3	1	1
"b3010"	3	1	1
"b3011"	3	1	1
"b3012"	3	1	1
"b3013"	3	1	1
"b3014"	3	1	1
"b3017"	3	1	1
"b3018"	3	1	1
"b3019"	3	1	1
"b3020"	3	1	1
"b3021"	3	1	1
"b3022"	3	1	1
"b3023"	3	1	1
"b3024"	3	1	1
"b3025"	3	1	1
"b3026"	3	1	1
"b3027"	3	1	1
"b3028"	3	1	1
"b3029"	3	1	1
"b3030"	3	1	1
"b3031"	3	1	1
"b3032"	3	1	1
"b3033"	3	1	1
"b3034"	3	1	1
"b3035"	3	1	1
"b3037"	3	1	1
"b3038"	3	1	1
"b3039"	3	1	1
"b3040"	3	1	1
"b3041"	3	1	1
"b3042"	3	1	1
"b3043"	3	1	1
"b3044"	3	1	1
"b3045"	3	1	1
"b3046"	3	1	1
"b3047"	3	1	1
"b3048"	3	1	1
"b3049"	3	1	1
"b3050"	3	1	1
"b3051"	3	1	1
"b3052"	3	1	1
"b3053"	3	1	1
"b3054"	3	1	1
"b3055"	3	1	1
"b3056"	3	1	1
"b3057"	3	1	1
"b3058"	3	1	1
"b3059"	3	1	1
"b3060"	3	1	1
"b3061"	3	1	1
"b3062"	3	1	1
"b3063"	3	1	1
"b3064"	3	1	1
"b3065"	3	1	1
"b3066"	3	1	1
"b3067"	3	1	1
"b3068"	3	1	1
"b3070"	3	1	1
"b3071"	3	1	1
"b3072"	3	1	1
"b3073"	3	1	1
"b3074"	3	1	1
"b3075"	3	1	1
"b3076"	3	1	1
"b3077"	3	1	1
"b3078"	3	1	1
"b3079"	3	1	1
"b3080"	3	1	1
"b3081"	3	1	1
"b3082"	3	1	1
"b3083"	3	1	1
"b3084"	3	1	1
"b3085"	3	1	1
"b3086"	3	1	1
"b3087"	3	1	1
"b3088"	3	1	1
"b3089"	3	1	1
"b3090"	3	1	1
"b3091"	3	1	1
"b3092"	3	1	1
"b3093"	3	1	1
"b3094"	3	1	1
"b3095"	3	1	1
"b3096"	3	1	1
"b3097"	3	1	1
"b3098"	3	1	1
"b3099"	3	1	1
"b3100"	3	1	1
"b3101"	3	1	1
"b3102"	3	1	1
"b3103"	3	1	1
"b3104"	3	1	1
"b3105"	3	1	1
"b3106"	3	1	1
"b3107"	3	1	1
"b3110"	3	1	1
"b3113"	3	1	1
"b3114"	3	1	1
"b3115"	3	1	1
"b3116"	3	1	1
"b3117"	3	1	1
"b3118"	3	1	1
"b3119"	3	1	1
"b3120"	3	1	1
"b3121"	3	1	1
"b3124"	3	1	1
"b3125"	3	1	1
"b3126"	3	1	1
"b3127"	3	1	1
"b3128"	3	1	1
"b3129"	3	1	1
"b3130"	3	1	1
"b3131"	3	1	1
"b3132"	3	1	1
"b3133"	3	1	1
"b3134"	3	1	1
"b3135"	3	1	1
"b3136"	3	1	1
"b3137"	3	1	1
"b3138"	3	1	1
"b3139"	3	1	1
"b3140"	3	1	1
"b3141"	3	1	1
"b3142"	3	1	1
"b3143"	3	1	1
"b3144"	3	1	1
"b3145"	3	1	1
"b3146"	3	1	1
"b3147"	3	1	1
"b3148"	3	1	1
"b3149"	3	1	1
"b3150"	3	1	1
"b3151"	3	1	1
"b3152"	3	1	1
"b3153"	3	1	1
"b3154"	3	1	1
"b3155"	3	1	1
"b3156"	3	1	1
"b3157"	3	1	1
"b3158"	3	1	1
"b3159"	3	1	1
"b3160"	3	1	1
"b3161"	3	1	1
"b3162"	3	1	1
"b3163"	3	1	1
"b3164"	3	1	1
"b3165"	3	1	1
"b3166"	3	1	1
"b3167"	3	1	1
"b3168"	3	1	1
"b3169"	3	1	1
"b3170"	3	1	1
"b3172"	3	1	1
"b3173"	3	1	1
"b3175"	3	1	1
"b3176"	3	1	1
"b3177"	3	1	1
"b3178"	3	1	1
"b3179"	3	1	1
"b3180"	3	1	1
"b3181"	3	1	1
"b3182"	3	1	1
"b3183"	3	1	1
"b3184"	3	1	1
"b3185"	3	1	1
"b3186"	3	1	1
"b3187"	3	1	1
"b3188"	3	1	1
"b3189"	3	1	1
"b3190"	3	1	1
"b3191"	3	1	1
"b3192"	3	1	1
"b3193"	3	1	1
"b3194"	3	1	1
"b3195"	3	1	1
"b3196"	3	1	1
"b3197"	3	1	1
"b3198"	3	1	1
"b3199"	3	1	1
"b3200"	3	1	1
"b3201"	3	1	1
"b3202"	3	1	1
"b3203"	3	1	1
"b3204"	3	1	1
"b3205"	3	1	1
"b3206"	3	1	1
"b3207"	3	1	1
"b3208"	3	1	1
"b3209"	3	1	1
"b3210"	3	1	1
"b3211"	3	1	1
"b3212"	3	1	1
"b3213"	3	1	1
"b3214"	3	1	1
"b3215"	3	1	1
"b3216"	3	1	1
"b3218"	3	1	1
"b3219"	3	1	1
"b3220"	3	1	1
"b3221"	3	1	1
"b3222"	3	1	1
"b3223"	3	1	1
"b3224"	3	1	1
"b3225"	3	1	1
"b3226"	3	1	1
"b3227"	3	1	1
"b3228"	3	1	1
"b3229"	3	1	1
"b3230"	3	1	1
"b3231"	3	1	1
"b3232"	3	1	1
"b3233"	3	1	1
"b3234"	3	1	1
"b3235"	3	1	1
"b3236"	3	1	1
"b3237"	3	1	1
"b3238"	3	1	1
"b3239"	3	1	1
"b3240"	3	1	1
"b3241"	3	1	1
"b3242"	3	1	1
"b3243"	3	1	1
"b3244"	3	1	1
"b3247"	3	1	1
"b3248"	3	1	1
"b3249"	3	1	1
"b3250"	3	1	1
"b3251"	3	1	1
"b3252"	3	1	1
"b3253"	3	1	1
"b3255"	3	1	1
"b3256"	3	1	1
"b3257"	3	1	1
"b3258"	3	1	1
"b3259"	3	1	1
"b3260"	3	1	1
"b3261"	3	1	1
"b3262"	3	1	1
"b3263"	3	1	1
"b3264"	3	1	1
"b3265"	3	1	1
"b3266"	3	1	1
"b3267"	3	1	1
"b3268"	3	1	1
"b3269"	3	1	1
"b3270"	3	1	1
"b3271"	3	1	1
"b3279"	3	1	1
"b3280"	3	1	1
"b3281"	3	1	1
"b3282"	3	1	1
"b3283"	3	1	1
"b3284"	3	1	1
"b3287"	3	1	1
"b3288"	3	1	1
"b3289"	3	1	1
"b3290"	3	1	1
"b3291"	3	1	1
"b3292"	3	1	1
"b3293"	3	1	1
"b3294"	3	1	1
"b3295"	3	1	1
"b3296"	3	1	1
"b3297"	3	1	1
"b3298"	3	1	1
"b3299"	3	1	1
"b3300"	3	1	1
"b3301"	3	1	1
"b3302"	3	1	1
"b3303"	3	1	1
"b3304"	3	1	1
"b3305"	3	1	1
"b3306"	3	1	1
"b3307"	3	1	1
"b3308"	3	1	1
"b3309"	3	1	1
"b3310"	3	1	1
"b3311"	3	1	1
"b3312"	3	1	1
"b3313"	3	1	1
"b3314"	3	1	1
"b3315"	3	1	1
"b3316"	3	1	1
"b3317"	3	1	1
"b3318"	3	1	1
"b3319"	3	1	1
"b3320"	3	1	1
"b3321"	3	1	1
"b3322"	3	1	1
"b3323"	3	1	1
"b3324"	3	1	1
"b3325"	3	1	1
"b3326"	3	1	1
"b3327"	3	1	1
"b3328"	3	1	1
"b3329"	3	1	1
"b3330"	3	1	1
"b3331"	3	1	1
"b3332"	3	1	1
"b3333"	3	1	1
"b3334"	3	1	1
"b3335"	3	1	1
"b3336"	3	1	1
"b3337"	3	1	1
"b3338"	3	1	1
"b3339"	3	1	1
"b3340"	3	1	1
"b3341"	3	1	1
"b3342"	3	1	1
"b3343"	3	1	1
"b3344"	3	1	1
"b3345"	3	1	1
"b3346"	3	1	1
"b3347"	3	1	1
"b3348"	3	1	1
"b3349"	3	1	1
"b3350"	3	1	1
"b3351"	3	1	1
"b3352"	3	1	1
"b3353"	3	1	1
"b3354"	3	1	1
"b3355"	3	1	1
"b3356"	3	1	1
"b3357"	3	1	1
"b3358"	3	1	1
"b3359"	3	1	1
"b3360"	3	1	1
"b3361"	3	1	1
"b3362"	3	1	1
"b3363"	3	1	1
"b3364"	3	1	1
"b3365"	3	1	1
"b3366"	3	1	1
"b3367"	3	1	1
"b3368"	3	1	1
"b3369"	3	1	1
"b3370"	3	1	1
"b3371"	3	1	1
"b3374"	3	1	1
"b3375"	3	1	1
"b3376"	3	1	1
"b3377"	3	1	1
"b3378"	3	1	1
"b3379"	3	1	1
"b3380"	3	1	1
"b3381"	3	1	1
"b3382"	3	1	1
"b3383"	3	1	1
"b3384"	3	1	1
"b3385"	3	1	1
"b3386"	3	1	1
"b3387"	3	1	1
"b3388"	3	1	1
"b3389"	3	1	1
"b3390"	3	1	1
"b3391"	3	1	1
"b3392"	3	1	1
"b3393"	3	1	1
"b3394"	3	1	1
"b3395"	3	1	1
"b3396"	3	1	1
"b3397"	3	1	1
"b3398"	3	1	1
"b3399"	3	1	1
"b3400"	3	1	1
"b3401"	3	1	1
"b3402"	3	1	1
"b3403"	3	1	1
"b3404"	3	1	1
"b3405"	3	1	1
"b3406"	3	1	1
"b3407"	3	1	1
"b3408"	3	1	1
"b3409"	3	1	1
"b3410"	3	1	1
"b3411"	3	1	1
"b3412"	3	1	1
"b3413"	3	1	1
"b3414"	3	1	1
"b3415"	3	1	1
"b3416"	3	1	1
"b3417"	3	1	1
"b3418"	3	1	1
"b3421"	3	1	1
"b3422"	3	1	1
"b3423"	3	1	1
"b3424"	3	1	1
"b3425"	3	1	1
"b3426"	3	1	1
"b3427"	3	1	1
"b3428"	3	1	1
"b3429"	3	1	1
"b3430"	3	1	1
"b3431"	3	1	1
"b3432"	3	1	1
"b3433"	3	1	1
"b3434"	3	1	1
"b3437"	3	1	1
"b3438"	3	1	1
"b3439"	3	1	1
"b3440"	3	1	1
"b3441"	3	1	1
"b3442"	3	1	1
"b3443"	3	1	1
"b3444"	3	1	1
"b3445"	3	1	1
"b3446"	3	1	1
"b3447"	3	1	1
"b3448"	3	1	1
"b3449"	3	1	1
"b3450"	3	1	1
"b3451"	3	1	1
"b3452"	3	1	1
"b3453"	3	1	1
"b3454"	3	1	1
"b3455"	3	1	1
"b3456"	3	1	1
"b3457"	3	1	1
"b3458"	3	1	1
"b3459"	3	1	1
"b3460"	3	1	1
"b3461"	3	1	1
"b3462"	3	1	1
"b3463"	3	1	1
"b3464"	3	1	1
"b3465"	3	1	1
"b3466"	3	1	1
"b3467"	3	1	1
"b3468"	3	1	1
"b3469"	3	1	1
"b3470"	3	1	1
"b3471"	3	1	1
"b3472"	3	1	1
"b3473"	3	1	1
"b3474"	3	1	1
"b3475"	3	1	1
"b3476"	3	1	1
"b3477"	3	1	1
"b3478"	3	1	1
"b3479"	3	1	1
"b3480"	3	1	1
"b3481"	3	1	1
"b3482"	3	1	1
"b3483"	3	1	1
"b3484"	3	1	1
"b3485"	3	1	1
"b3486"	3	1	1
"b3487"	3	1	1
"b3488"	3	1	1
"b3491"	3	1	1
"b3492"	3	1	1
"b3493"	3	1	1
"b3494"	3	1	1
"b3495"	3	1	1
"b3496"	3	1	1
"b3497"	3	1	1
"b3498"	3	1	1
"b3499"	3	1	1
"b3500"	3	1	1
"b3501"	3	1	1
"b3502"	3	1	1
"b3503"	3	1	1
"b3504"	3	1	1
"b3505"	3	1	1
"b3506"	3	1	1
"b3507"	3	1	1
"b3508"	3	1	1
"b3509"	3	1	1
"b3510"	3	1	1
"b3511"	3	1	1
"b3512"	3	1	1
"b3513"	3	1	1
"b3514"	3	1	1
"b3515"	3	1	1
"b3516"	3	1	1
"b3517"	3	1	1
"b3518"	3	1	1
"b3519"	3	1	1
"b3520"	3	1	1
"b3521"	3	1	1
"b3522"	3	1	1
"b3523"	3	1	1
"b3524"	3	1	1
"b3525"	3	1	1
"b3526"	3	1	1
"b3527"	3	1	1
"b3528"	3	1	1
"b3529"	3	1	1
"b3530"	3	1	1
"b3531"	3	1	1
"b3532"	3	1	1
"b3533"	3	1	1
"b3534"	3	1	1
"b3535"	3	1	1
"b3536"	3	1	1
"b3537"	3	1	1
"b3538"	3	1	1
"b3539"	3	1	1
"b3540"	3	1	1
"b3541"	3	1	1
"b3542"	3	1	1
"b3543"	3	1	1
"b3544"	3	1	1
"b3546"	3	1	1
"b3547"	3	1	1
"b3548"	3	1	1
"b3549"	3	1	1
"b3550"	3	1	1
"b3551"	3	1	1
"b3552"	3	1	1
"b3553"	3	1	1
"b3554"	3	1	1
"b3555"	3	1	1
"b3556"	3	1	1
"b3557"	3	1	1
"b3558"	3	1	1
"b3559"	3	1	1
"b3560"	3	1	1
"b3561"	3	1	1
"b3562"	3	1	1
"b3563"	3	1	1
"b3564"	3	1	1
"b3565"	3	1	1
"b3566"	3	1	1
"b3567"	3	1	1
"b3568"	3	1	1
"b3569"	3	1	1
"b3570"	3	1	1
"b3571"	3	1	1
"b3572"	3	1	1
"b3573"	3	1	1
"b3574"	3	1	1
"b3575"	3	1	1
"b3576"	3	1	1
"b3577"	3	1	1
"b3578"	3	1	1
"b3579"	3	1	1
"b3580"	3	1	1
"b3581"	3	1	1
"b3582"	3	1	1
"b3583"	3	1	1
"b3584"	3	1	1
"b3585"	3	1	1
"b3586"	3	1	1
"b3587"	3	1	1
"b3588"	3	1	1
"b3589"	3	1	1
"b3590"	3	1	1
"b3591"	3	1	1
"b3592"	3	1	1
"b3593"	3	1	1
"b3594"	3	1	1
"b3595"	3	1	1
"b3596"	3	1	1
"b3597"	3	1	1
"b3598"	3	1	1
"b3599"	3	1	1
"b3600"	3	1	1
"b3601"	3	1	1
"b3602"	3	1	1
"b3603"	3	1	1
"b3604"	3	1	1
"b3605"	3	1	1
"b3606"	3	1	1
"b3607"	3	1	1
"b3608"	3	1	1
"b3609"	3	1	1
"b3610"	3	1	1
"b3611"	3	1	1
"b3612"	3	1	1
"b3613"	3	1	1
"b3614"	3	1	1
"b3615"	3	1	1
"b3616"	3	1	1
"b3617"	3	1	1
"b3618"	3	1	1
"b3619"	3	1	1
"b3620"	3	1	1
"b3621"	3	1	1
"b3622"	3	1	1
"b3623"	3	1	1
"b3624"	3	1	1
"b3625"	3	1	1
"b3626"	3	1	1
"b3627"	3	1	1
"b3628"	3	1	1
"b3629"	3	1	1
"b3630"	3	1	1
"b3631"	3	1	1
"b3632"	3	1	1
"b3633"	3	1	1
"b3634"	3	1	1
"b3635"	3	1	1
"b3636"	3	1	1
"b3637"	3	1	1
"b3638"	3	1	1
"b3639"	3	1	1
"b3640"	3	1	1
"b3641"	3	1	1
"b3642"	3	1	1
"b3643"	3	1	1
"b3644"	3	1	1
"b3645"	3	1	1
"b3646"	3	1	1
"b3647"	3	1	1
"b3648"	3	1	1
"b3649"	3	1	1
"b3650"	3	1	1
"b3651"	3	1	1
"b3652"	3	1	1
"b3653"	3	1	1
"b3654"	3	1	1
"b3655"	3	1	1
"b3656"	3	1	1
"b3657"	3	1	1
"b3659"	3	1	1
"b3660"	3	1	1
"b3661"	3	1	1
"b3662"	3	1	1
"b3663"	3	1	1
"b3664"	3	1	1
"b3665"	3	1	1
"b3666"	3	1	1
"b3667"	3	1	1
"b3668"	3	1	1
"b3669"	3	1	1
"b3670"	3	1	1
"b3671"	3	1	1
"b3672"	3	1	1
"b3673"	3	1	1
"b3674"	3	1	1
"b3675"	3	1	1
"b3676"	3	1	1
"b3677"	3	1	1
"b3678"	3	1	1
"b3679"	3	1	1
"b3680"	3	1	1
"b3683"	3	1	1
"b3684"	3	1	1
"b3685"	3	1	1
"b3686"	3	1	1
"b3687"	3	1	1
"b3688"	3	1	1
"b3689"	3	1	1
"b3690"	3	1	1
"b3691"	3	1	1
"b3693"	3	1	1
"b3696"	3	1	1
"b3697"	3	1	1
"b3698"	3	1	1
"b3699"	3	1	1
"b3700"	3	1	1
"b3701"	3	1	1
"b3702"	3	1	1
"b3703"	3	1	1
"b3704"	3	1	1
"b3705"	3	1	1
"b3706"	3	1	1
"b3707"	3	1	1
"b3708"	3	1	1
"b3709"	3	1	1
"b3710"	3	1	1
"b3711"	3	1	1
"b3712"	3	1	1
"b3713"	3	1	1
"b3714"	3	1	1
"b3715"	3	1	1
"b3716"	3	1	1
"b3717"	3	1	1
"b3718"	3	1	1
"b3719"	3	1	1
"b3720"	3	1	1
"b3721"	3	1	1
"b3722"	3	1	1
"b3723"	3	1	1
"b3724"	3	1	1
"b3725"	3	1	1
"b3726"	3	1	1
"b3727"	3	1	1
"b3728"	3	1	1
"b3729"	3	1	1
"b3730"	3	1	1
"b3731"	3	1	1
"b3732"	3	1	1
"b3733"	3	1	1
"b3734"	3	1	1
"b3735"	3	1	1
"b3736"	3	1	1
"b3737"	3	1	1
"b3738"	3	1	1
"b3739"	3	1	1
"b3740"	3	1	1
"b3741"	3	1	1
"b3742"	3	1	1
"b3743"	3	1	1
"b3744"	3	1	1
"b3745"	3	1	1
"b3746"	3	1	1
"b3747"	3	1	1
"b3748"	3	1	1
"b3749"	3	1	1
"b3750"	3	1	1
"b3751"	3	1	1
"b3752"	3	1	1
"b3753"	3	1	1
"b3754"	3	1	1
"b3755"	3	1	1
"b3764"	3	1	1
"b3765"	3	1	1
"b3766"	3	1	1
"b3769"	3	1	1
"b3770"	3	1	1
"b3771"	3	1	1
"b3772"	3	1	1
"b3773"	3	1	1
"b3774"	3	1	1
"b3775"	3	1	1
"b3777"	3	1	1
"b3778"	3	1	1
"b3779"	3	1	1
"b3780"	3	1	1
"b3781"	3	1	1
"b3783"	3	1	1
"b3784"	3	1	1
"b3785"	3	1	1
"b3786"	3	1	1
"b3787"	3	1	1
"b3788"	3	1	1
"b3789"	3	1	1
"b3790"	3	1	1
"b3791"	3	1	1
"b3792"	3	1	1
"b3793"	3	1	1
"b3794"	3	1	1
"b3795"	3	1	1
"b3800"	3	1	1
"b3801"	3	1	1
"b3802"	3	1	1
"b3803"	3	1	1
"b3804"	3	1	1
"b3805"	3	1	1
"b3806"	3	1	1
"b3807"	3	1	1
"b3809"	3	1	1
"b3810"	3	1	1
"b3811"	3	1	1
"b3812"	3	1	1
"b3813"	3	1	1
"b3816"	3	1	1
"b3817"	3	1	1
"b3818"	3	1	1
"b3819"	3	1	1
"b3820"	3	1	1
"b3821"	3	1	1
"b3822"	3	1	1
"b3823"	3	1	1
"b3824"	3	1	1
"b3825"	3	1	1
"b3826"	3	1	1
"b3827"	3	1	1
"b3828"	3	1	1
"b3829"	3	1	1
"b3830"	3	1	1
"b3831"	3	1	1
"b3832"	3	1	1
"b3833"	3	1	1
"b3834"	3	1	1
"b3835"	3	1	1
"b3836"	3	1	1
"b3838"	3	1	1
"b3839"	3	1	1
"b3842"	3	1	1
"b3843"	3	1	1
"b3844"	3	1	1
"b3845"	3	1	1
"b3846"	3	1	1
"b3847"	3	1	1
"b3848"	3	1	1
"b3849"	3	1	1
"b3850"	3	1	1
"b3856"	3	1	1
"b3857"	3	1	1
"b3858"	3	1	1
"b3859"	3	1	1
"b3860"	3	1	1
"b3861"	3	1	1
"b3862"	3	1	1
"b3863"	3	1	1
"b3865"	3	1	1
"b3866"	3	1	1
"b3867"	3	1	1
"b3868"	3	1	1
"b3869"	3	1	1
"b3870"	3	1	1
"b3871"	3	1	1
"b3872"	3	1	1
"b3873"	3	1	1
"b3874"	3	1	1
"b3875"	3	1	1
"b3876"	3	1	1
"b3877"	3	1	1
"b3878"	3	1	1
"b3879"	3	1	1
"b3880"	3	1	1
"b3881"	3	1	1
"b3882"	3	1	1
"b3883"	3	1	1
"b3884"	3	1	1
"b3885"	3	1	1
"b3886"	3	1	1
"b3887"	3	1	1
"b3888"	3	1	1
"b3889"	3	1	1
"b3890"	3	1	1
"b3891"	3	1	1
"b3892"	3	1	1
"b3893"	3	1	1
"b3894"	3	1	1
"b3895"	3	1	1
"b3896"	3	1	1
"b3897"	3	1	1
"b3898"	3	1	1
"b3899"	3	1	1
"b3900"	3	1	1
"b3901"	3	1	1
"b3902"	3	1	1
"b3903"	3	1	1
"b3904"	3	1	1
"b3905"	3	1	1
"b3906"	3	1	1
"b3907"	3	1	1
"b3908"	3	1	1
"b3909"	3	1	1
"b3910"	3	1	1
"b3911"	3	1	1
"b3912"	3	1	1
"b3915"	3	1	1
"b3916"	3	1	1
"b3917"	3	1	1
"b3918"	3	1	1
"b3919"	3	1	1
"b3920"	3	1	1
"b3921"	3	1	1
"b3922"	3	1	1
"b3923"	3	1	1
"b3924"	3	1	1
"b3925"	3	1	1
"b3926"	3	1	1
"b3927"	3	1	1
"b3928"	3	1	1
"b3929"	3	1	1
"b3930"	3	1	1
"b3931"	3	1	1
"b3932"	3	1	1
"b3933"	3	1	1
"b3934"	3	1	1
"b3935"	3	1	1
"b3936"	3	1	1
"b3937"	3	1	1
"b3938"	3	1	1
"b3939"	3	1	1
"b3940"	3	1	1
"b3941"	3	1	1
"b3942"	3	1	1
"b3943"	3	1	1
"b3944"	3	1	1
"b3945"	3	1	1
"b3946"	3	1	1
"b3947"	3	1	1
"b3949"	3	1	1
"b3950"	3	1	1
"b3951"	3	1	1
"b3952"	3	1	1
"b3953"	3	1	1
"b3954"	3	1	1
"b3955"	3	1	1
"b3956"	3	1	1
"b3957"	3	1	1
"b3958"	3	1	1
"b3959"	3	1	1
"b3960"	3	1	1
"b3961"	3	1	1
"b3962"	3	1	1
"b3963"	3	1	1
"b3964"	3	1	1
"b3965"	3	1	1
"b3966"	3	1	1
"b3967"	3	1	1
"b3972"	3	1	1
"b3973"	3	1	1
"b3974"	3	1	1
"b3980"	3	1	1
"b3981"	3	1	1
"b3982"	3	1	1
"b3983"	3	1	1
"b3984"	3	1	1
"b3985"	3	1	1
"b3986"	3	1	1
"b3987"	3	1	1
"b3988"	3	1	1
"b3989"	3	1	1
"b3990"	3	1	1
"b3991"	3	1	1
"b3992"	3	1	1
"b3993"	3	1	1
"b3994"	3	1	1
"b3995"	3	1	1
"b3996"	3	1	1
"b3997"	3	1	1
"b3998"	3	1	1
"b3999"	3	1	1
"b4000"	3	1	1
"b4001"	3	1	1
"b4002"	3	1	1
"b4003"	3	1	1
"b4004"	3	1	1
"b4005"	3	1	1
"b4006"	3	1	1
"b4011"	3	1	1
"b4012"	3	1	1
"b4013"	3	1	1
"b4014"	3	1	1
"b4015"	3	1	1
"b4016"	3	1	1
"b4017"	3	1	1
"b4018"	3	1	1
"b4019"	3	1	1
"b4020"	3	1	1
"b4021"	3	1	1
"b4022"	3	1	1
"b4023"	3	1	1
"b4024"	3	1	1
"b4025"	3	1	1
"b4026"	3	1	1
"b4027"	3	1	1
"b4028"	3	1	1
"b4029"	3	1	1
"b4030"	3	1	1
"b4031"	3	1	1
"b4032"	3	1	1
"b4033"	3	1	1
"b4034"	3	1	1
"b4035"	3	1	1
"b4036"	3	1	1
"b4037"	3	1	1
"b4038"	3	1	1
"b4039"	3	1	1
"b4040"	3	1	1
"b4041"	3	1	1
"b4042"	3	1	1
"b4043"	3	1	1
"b4044"	3	1	1
"b4045"	3	1	1
"b4046"	3	1	1
"b4047"	3	1	1
"b4048"	3	1	1
"b4049"	3	1	1
"b4050"	3	1	1
"b4051"	3	1	1
"b4052"	3	1	1
"b4053"	3	1	1
"b4054"	3	1	1
"b4055"	3	1	1
"b4056"	3	1	1
"b4057"	3	1	1
"b4058"	3	1	1
"b4059"	3	1	1
"b4060"	3	1	1
"b4061"	3	1	1
"b4062"	3	1	1
"b4063"	3	1	1
"b4064"	3	1	1
"b4065"	3	1	1
"b4066"	3	1	1
"b4067"	3	1	1
"b4068"	3	1	1
"b4069"	3	1	1
"b4070"	3	1	1
"b4071"	3	1	1
"b4072"	3	1	1
"b4073"	3	1	1
"b4074"	3	1	1
"b4075"	3	1	1
"b4076"	3	1	1
"b4077"	3	1	1
"b4078"	3	1	1
"b4079"	3	1	1
"b4080"	3	1	1
"b4081"	3	1	1
"b4082"	3	1	1
"b4083"	3	1	1
"b4084"	3	1	1
"b4085"	3	1	1
"b4086"	3	1	1
"b4087"	3	1	1
"b4088"	3	1	1
"b4089"	3	1	1
"b4090"	3	1	1
"b4092"	3	1	1
"b4093"	3	1	1
"b4094"	3	1	1
"b4095"	3	1	1
"b4096"	3	1	1
"b4097"	3	1	1
"b4098"	3	1	1
"b4099"	3	1	1
"b4100"	3	1	1
"b4101"	3	1	1
"b4102"	3	1	1
"b4104"	3	1	1
"b4105"	3	1	1
"b4106"	3	1	1
"b4107"	3	1	1
"b4108"	3	1	1
"b4109"	3	1	1
"b4110"	3	1	1
"b4111"	3	1	1
"b4112"	3	1	1
"b4113"	3	1	1
"b4114"	3	1	1
"b4115"	3	1	1
"b4116"	3	1	1
"b4117"	3	1	1
"b4118"	3	1	1
"b4119"	3	1	1
"b4120"	3	1	1
"b4121"	3	1	1
"b4122"	3	1	1
"b4123"	3	1	1
"b4124"	3	1	1
"b4125"	3	1	1
"b4126"	3	1	1
"b4127"	3	1	1
"b4128"	3	1	1
"b4129"	3	1	1
"b4130"	3	1	1
"b4131"	3	1	1
"b4132"	3	1	1
"b4133"	3	1	1
"b4135"	3	1	1
"b4136"	3	1	1
"b4137"	3	1	1
"b4138"	3	1	1
"b4139"	3	1	1
"b4140"	3	1	1
"b4141"	3	1	1
"b4142"	3	1	1
"b4143"	3	1	1
"b4144"	3	1	1
"b4145"	3	1	1
"b4146"	3	1	1
"b4147"	3	1	1
"b4148"	3	1	1
"b4149"	3	1	1
"b4150"	3	1	1
"b4151"	3	1	1
"b4152"	3	1	1
"b4153"	3	1	1
"b4154"	3	1	1
"b4155"	3	1	1
"b4156"	3	1	1
"b4157"	3	1	1
"b4158"	3	1	1
"b4159"	3	1	1
"b4160"	3	1	1
"b4161"	3	1	1
"b4162"	3	1	1
"b4166"	3	1	1
"b4167"	3	1	1
"b4168"	3	1	1
"b4169"	3	1	1
"b4170"	3	1	1
"b4171"	3	1	1
"b4172"	3	1	1
"b4173"	3	1	1
"b4174"	3	1	1
"b4175"	3	1	1
"b4176"	3	1	1
"b4177"	3	1	1
"b4178"	3	1	1
"b4179"	3	1	1
"b4180"	3	1	1
"b4181"	3	1	1
"b4182"	3	1	1
"b4183"	3	1	1
"b4184"	3	1	1
"b4185"	3	1	1
"b4186"	3	1	1
"b4187"	3	1	1
"b4188"	3	1	1
"b4189"	3	1	1
"b4190"	3	1	1
"b4191"	3	1	1
"b4192"	3	1	1
"b4193"	3	1	1
"b4194"	3	1	1
"b4195"	3	1	1
"b4196"	3	1	1
"b4197"	3	1	1
"b4198"	3	1	1
"b4199"	3	1	1
"b4200"	3	1	1
"b4201"	3	1	1
"b4202"	3	1	1
"b4203"	3	1	1
"b4204"	3	1	1
"b4205"	3	1	1
"b4206"	3	1	1
"b4207"	3	1	1
"b4208"	3	1	1
"b4209"	3	1	1
"b4210"	3	1	1
"b4211"	3	1	1
"b4212"	3	1	1
"b4213"	3	1	1
"b4214"	3	1	1
"b4215"	3	1	1
"b4216"	3	1	1
"b4217"	3	1	1
"b4218"	3	1	1
"b4219"	3	1	1
"b4220"	3	1	1
"b4221"	3	1	1
"b4222"	3	1	1
"b4224"	3	1	1
"b4225"	3	1	1
"b4226"	3	1	1
"b4227"	3	1	1
"b4230"	3	1	1
"b4231"	3	1	1
"b4232"	3	1	1
"b4233"	3	1	1
"b4234"	3	1	1
"b4235"	3	1	1
"b4236"	3	1	1
"b4237"	3	1	1
"b4238"	3	1	1
"b4239"	3	1	1
"b4240"	3	1	1
"b4241"	3	1	1
"b4242"	3	1	1
"b4243"	3	1	1
"b4244"	3	1	1
"b4245"	3	1	1
"b4246"	3	1	1
"b4248"	3	1	1
"b4249"	3	1	1
"b4251"	3	1	1
"b4252"	3	1	1
"b4253"	3	1	1
"b4254"	3	1	1
"b4255"	3	1	1
"b4256"	3	1	1
"b4257"	3	1	1
"b4258"	3	1	1
"b4259"	3	1	1
"b4260"	3	1	1
"b4261"	3	1	1
"b4262"	3	1	1
"b4263"	3	1	1
"b4264"	3	1	1
"b4265"	3	1	1
"b4266"	3	1	1
"b4267"	3	1	1
"b4268"	3	1	1
"b4269"	3	1	1
"b4271"	3	1	1
"b4272"	3	1	1
"b4273"	3	1	1
"b4277"	3	1	1
"b4278"	3	1	1
"b4279"	3	1	1
"b4280"	3	1	1
"b4281"	3	1	1
"b4282"	3	1	1
"b4284"	3	1	1
"b4286"	3	1	1
"b4287"	3	1	1
"b4288"	3	1	1
"b4289"	3	1	1
"b4290"	3	1	1
"b4291"	3	1	1
"b4292"	3	1	1
"b4293"	3	1	1
"b4294"	3	1	1
"b4295"	3	1	1
"b4296"	3	1	1
"b4297"	3	1	1
"b4298"	3	1	1
"b4299"	3	1	1
"b4300"	3	1	1
"b4301"	3	1	1
"b4302"	3	1	1
"b4303"	3	1	1
"b4304"	3	1	1
"b4305"	3	1	1
"b4306"	3	1	1
"b4307"	3	1	1
"b4308"	3	1	1
"b4309"	3	1	1
"b4310"	3	1	1
"b4311"	3	1	1
"b4312"	3	1	1
"b4313"	3	1	1
"b4314"	3	1	1
"b4315"	3	1	1
"b4316"	3	1	1
"b4317"	3	1	1
"b4318"	3	1	1
"b4319"	3	1	1
"b4320"	3	1	1
"b4321"	3	1	1
"b4322"	3	1	1
"b4323"	3	1	1
"b4324"	3	1	1
"b4325"	3	1	1
"b4326"	3	1	1
"b4327"	3	1	1
"b4328"	3	1	1
"b4329"	3	1	1
"b4330"	3	1	1
"b4331"	3	1	1
"b4332"	3	1	1
"b4333"	3	1	1
"b4334"	3	1	1
"b4335"	3	1	1
"b4336"	3	1	1
"b4337"	3	1	1
"b4339"	3	1	1
"b4340"	3	1	1
"b4341"	3	1	1
"b4342"	3	1	1
"b4345"	3	1	1
"b4346"	3	1	1
"b4347"	3	1	1
"b4348"	3	1	1
"b4349"	3	1	1
"b4350"	3	1	1
"b4351"	3	1	1
"b4352"	3	1	1
"b4353"	3	1	1
"b4354"	3	1	1
"b4355"	3	1	1
"b4356"	3	1	1
"b4357"	3	1	1
"b4358"	3	1	1
"b4359"	3	1	1
"b4360"	3	1	1
"b4361"	3	1	1
"b4362"	3	1	1
"b4363"	3	1	1
"b4364"	3	1	1
"b4365"	3	1	1
"b4366"	3	1	1
"b4367"	3	1	1
"b4371"	3	1	1
"b4372"	3	1	1
"b4373"	3	1	1
"b4374"	3	1	1
"b4375"	3	1	1
"b4376"	3	1	1
"b4377"	3	1	1
"b4378"	3	1	1
"b4379"	3	1	1
"b4380"	3	1	1
"b4381"	3	1	1
"b4382"	3	1	1
"b4383"	3	1	1
"b4384"	3	1	1
"b4385"	3	1	1
"b4386"	3	1	1
"b4387"	3	1	1
"b4388"	3	1	1
"b4389"	3	1	1
"b4390"	3	1	1
"b4391"	3	1	1
"b4392"	3	1	1
"b4393"	3	1	1
"b4394"	3	1	1
"b4395"	3	1	1
"b4396"	3	1	1
"b4397"	3	1	1
"b4398"	3	1	1
"b4399"	3	1	1
"b4400"	3	1	1
"b4401"	3	1	1
"b4402"	3	1	1
"b4403"	3	1	1
"b4406"	3	1	1
"b4407"	3	1	1
"b4409"	3	1	1
"b4410"	3	1	1
"b4411"	3	1	1
"b4412"	3	1	1
"b4415"	3	1	1
"b4419"	3	1	1
"b4421"	3	1	1
"b4423"	3	1	1
"b4428"	3	1	1
"b4453"	3	1	1
"b4455"	3	1	1
"b4460"	3	1	1
"b4461"	3	1	1
"b4462"	3	1	1
"b4463"	3	1	1
"b4464"	3	1	1
"b4465"	3	1	1
"b4466"	3	1	1
"b4467"	3	1	1
"b4468"	3	1	1
"b4469"	3	1	1
"b4470"	3	1	1
"b4471"	3	1	1
"b4472"	3	1	1
"b4473"	3	1	1
"b4474"	3	1	1
"b4475"	3	1	1
"b4476"	3	1	1
"b4477"	3	1	1
"b4478"	3	1	1
"b4479"	3	1	1
"b4480"	3	1	1
"b4481"	3	1	1
"b4482"	3	1	1
"b4483"	3	1	1
"b4484"	3	1	1
"b4485"	3	1	1
"b4486"	3	1	1
"b4487"	3	1	1
"b4488"	3	1	1
"b4490"	3	1	1
"b4491"	3	1	1
"b4492"	3	1	1
"b4493"	3	1	1
"b4494"	3	1	1
"b4495"	3	1	1
"b4496"	3	1	1
"b4497"	3	1	1
"b4498"	3	1	1
"b4499"	3	1	1
"b4500"	3	1	1
"b4501"	3	1	1
"b4502"	3	1	1
"b4503"	3	1	1
"b4504"	3	1	1
"b4505"	3	1	1
"b4506"	3	1	1
"b4508"	3	1	1
"b4509"	3	1	1
"b4510"	3	1	1
"b4511"	3	1	1
"b4512"	3	1	1
"b4513"	3	1	1
"b4514"	3	1	1
"b4515"	3	1	1
"b4516"	3	1	1
"b4517"	3	1	1
"b4518"	3	1	1
"b4519"	3	1	1
"b4520"	3	1	1
"b4521"	3	1	1
"b4522"	3	1	1
"b4523"	3	1	1
"b4524"	3	1	1
"b4525"	3	1	1
"b4526"	3	1	1
"b4527"	3	1	1
"b4528"	3	1	1
"b4529"	3	1	1
"b4532"	3	1	1
"b4533"	3	1	1
"b4535"	3	1	1
"b4536"	3	1	1
"b4537"	3	1	1
"b4538"	3	1	1
"b4539"	3	1	1
"b4541"	3	1	1
"b4542"	3	1	1
"b4543"	3	1	1
"b4544"	3	1	1
"b4545"	3	1	1
"b4546"	3	1	1
"b4547"	3	1	1
"b4548"	3	1	1
"b4550"	3	1	1
"b4551"	3	1	1
"b4552"	3	1	1
"b4553"	3	1	1
"b4554"	3	1	1
"b4555"	3	1	1
"b4556"	3	1	1
"b4557"	3	1	1
"b4558"	3	1	1
"b4559"	3	1	1
"b4561"	3	1	1
"b4565"	3	1	1
"b4566"	3	1	1
"b4567"	3	1	1
"b4568"	3	1	1
"b4569"	3	1	1
"b4570"	3	1	1
"b4571"	3	1	1
"b4572"	3	1	1
"b4573"	3	1	1
"b4575"	3	1	1
"b4576"	3	1	1
"b4578"	3	1	1
"b4579"	3	1	1
"b4580"	3	1	1
"b4581"	3	1	1
"b4582"	3	1	1
"b4586"	3	1	1
"b4587"	3	1	1
"b4588"	3	1	1
"b4589"	3	1	1
"b4590"	3	1	1
"b4592"	3	1	1
"b4593"	3	1	1
"b4594"	3	1	1
"b4595"	3	1	1
"b4596"	3	1	1
"b4598"	3	1	1
"b4599"	3	1	1
"b4600"	3	1	1
"b4601"	3	1	1
"b4602"	3	1	1
"b4604"	3	1	1
"b4606"	3	1	1
"b4612"	3	1	1
"b4613"	3	1	1
"b4615"	3	1	1
"b4618"	3	1	1
"b4620"	3	1	1
"b4621"	3	1	1
"b4622"	3	1	1
"b4623"	3	1	1
"b4626"	3	1	1
"b4627"	3	1	1
"b4628"	3	1	1
"b4630"	3	1	1
"b4631"	3	1	1
"b4632"	3	1	1
"b4633"	3	1	1
"b4634"	3	1	1
"b4636"	3	1	1
"b4637"	3	1	1
"b4638"	3	1	1
"b4639"	3	1	1
"b4640"	3	1	1
"b4641"	3	1	1
"b4642"	3	1	1
"b4644"	3	1	1
"b4646"	3	1	1
"b4647"	3	1	1
"b4648"	3	1	1
"b4649"	3	1	1
"b4650"	3	1	1
"b4651"	3	1	1
"b4652"	3	1	1
"b4653"	3	1	1
"b4654"	3	1	1
"b4655"	3	1	1
"b4656"	3	1	1
"b4657"	3	1	1
"b4658"	3	1	1
"b4659"	3	1	1
"b4660"	3	1	1
"b4661"	3	1	1
"b4662"	3	1	1
"b4663"	3	1	1
"b4664"	3	1	1
"b4665"	3	1	1
"b4666"	3	1	1
"b4667"	3	1	1
"b4668"	3	1	1
"b4669"	3	1	1
"b4670"	3	1	1
"b4671"	3	1	1
"b4672"	3	1	1
"b4673"	3	1	1
"b4674"	3	1	1
"b4675"	3	1	1
"b4676"	3	1	1
"b4677"	3	1	1
"b4678"	3	1	1
"b4679"	3	1	1
"b4680"	3	1	1
"b4682"	3	1	1
"b4683"	3	1	1
"b4684"	3	1	1
"b4685"	3	1	1
"b4686"	3	1	1
"b4687"	3	1	1
"b4688"	3	1	1
"b4689"	3	1	1
"b4692"	3	1	1
"b4693"	3	1	1
"b4694"	3	1	1
"b4695"	3	1	1
"b4696"	3	1	1
"b4697"	3	1	1
"b4702"	3	1	1
"b4703"	3	1	1
"b4705"	3	1	1
"b4706"	3	1	1
"b4708"	3	1	1
