"Names"	"RegulonSize"	"SpearmanCorrelationMean"	"SpearmanCorrelationMedian"
"aaeR"	1	1	1
"aaeXAB"	3	0.325468371738082	0.327311560085937
"aas-lplT"	2	0.251020812278078	0.251020812278078
"aat"	1	1	1
"abgABT-ogt"	4	0.225254836791468	0.259538891767433
"abgR"	1	1	1
"abpAB"	2	0.424888468072256	0.424888468072256
"abrB"	1	1	1
"accA"	1	1	1
"accBC"	2	0.677240613422836	0.677240613422836
"accD"	1	1	1
"aceBAK"	3	0.595781316767096	0.573056198692415
"aceEF"	2	0.772135731342068	0.772135731342068
"aceK"	1	1	1
"ackA"	1	1	1
"ackA-pta"	2	0.494616137475767	0.494616137475767
"acnA"	1	1	1
"acnB"	1	1	1
"acpH"	1	1	1
"acpP"	1	1	1
"acpP-fabF"	2	0.208231597646423	0.208231597646423
"acpT"	1	1	1
"acrAB"	2	0.374756834312524	0.374756834312524
"acrB"	1	1	1
"acrD"	1	1	1
"acrEF"	2	0.273968072295208	0.273968072295208
"acrR"	1	1	1
"acrZ"	1	1	1
"acs-yjcH-actP"	3	0.608960074508939	0.631125959785401
"actP"	1	1	1
"ada-alkB"	2	0.340613804535941	0.340613804535941
"add"	1	1	1
"adeD"	1	1	1
"adeP"	1	1	1
"adeQ"	1	1	1
"adhE"	1	1	1
"adhP"	1	1	1
"adiA"	1	1	1
"adiC"	1	1	1
"adiY"	1	1	1
"adk"	1	1	1
"aegA"	1	1	1
"aer"	1	1	1
"aes"	1	1	1
"agaR"	1	1	1
"agaS-kbaY-agaBCDI"	6	0.274125229688746	0.283580438016841
"agp"	1	1	1
"ahpCF"	2	0.328841652124479	0.328841652124479
"ahpF"	1	1	1
"ahr"	1	1	1
"aidB"	1	1	1
"ais"	1	1	1
"alaA"	1	1	1
"alaA-yfbR"	2	0.305338351797877	0.305338351797877
"alaC"	1	1	1
"alaE"	1	1	1
"alaS"	1	1	1
"aldA"	1	1	1
"aldB"	1	1	1
"alkA"	1	1	1
"alkB"	1	1	1
"allA"	1	1	1
"allDCE"	3	0.257597564043294	0.298816636782892
"allR"	1	1	1
"allS"	1	1	1
"alpA"	1	1	1
"alr"	1	1	1
"alsBACE"	4	0.362443530994065	0.35763056738161
"alsK"	1	1	1
"alx"	1	1	1
"amiA-hemF"	2	0.263937274771651	0.263937274771651
"amiC"	1	1	1
"amn"	1	1	1
"ampC"	1	1	1
"ampDE"	2	0.403991106322712	0.403991106322712
"ampG"	1	1	1
"ampH"	1	1	1
"amyA"	1	1	1
"anmK"	1	1	1
"ansA-pncA"	2	0.520812788833803	0.520812788833803
"ansB"	1	1	1
"ansP"	1	1	1
"apaGH"	2	0.364272339433138	0.364272339433138
"aphA"	1	1	1
"appA"	1	1	1
"appCBXA"	4	0.709177729216193	0.700438452477838
"appY"	1	1	1
"apt"	1	1	1
"aqpZ"	1	1	1
"araBAD"	3	0.430205801866611	0.417741705984946
"araC"	1	1	1
"araE"	1	1	1
"araE-ygeA"	2	0.198697127227239	0.198697127227239
"araFGH"	3	0.481349734671141	0.484049717222746
"araJ"	1	1	1
"arcA"	1	1	1
"arcB"	1	1	1
"arfA"	1	1	1
"argA"	1	1	1
"argCBH"	3	0.583363637322196	0.621598265272546
"argD"	1	1	1
"argE"	1	1	1
"argF"	1	1	1
"argG"	1	1	1
"argI"	1	1	1
"argO"	1	1	1
"argP"	1	1	1
"argR"	1	1	1
"argS"	1	1	1
"argT-hisJQMP"	5	0.435649229646772	0.428733256487554
"ariR"	1	1	1
"arnBCADTEF"	7	0.36653237239225	0.384988774377548
"aroF-tyrA"	2	0.609909835068158	0.609909835068158
"aroG"	1	1	1
"aroH"	1	1	1
"aroKB-damX-dam-rpe-gph-trpS"	7	0.284724120207093	0.259897120604286
"aroL-yaiA-aroM"	3	0.267274282113525	0.236747801413402
"aroP"	1	1	1
"arpA"	1	1	1
"arsRBC"	3	0.225303563794983	0.176339198047336
"artJ"	1	1	1
"artPIQM"	4	0.459090593060583	0.483823535594801
"ascB"	1	1	1
"ascFB"	2	0.132784507942385	0.132784507942385
"ascG"	1	1	1
"asd"	1	1	1
"aslA"	1	1	1
"aslB"	1	1	1
"asmA"	1	1	1
"asnA"	1	1	1
"asnB"	1	1	1
"asnC"	1	1	1
"asnC-mioC"	2	0.182583301356157	0.182583301356157
"asnC-mioC-mnmG"	3	0.259487400361659	0.185140778415706
"asnS"	1	1	1
"aspA"	1	1	1
"aspA-dcuA"	2	0.335230313516407	0.335230313516407
"aspC"	1	1	1
"aspS"	1	1	1
"asr"	1	1	1
"astCADBE"	5	0.559055113260551	0.540098820094315
"atl"	1	1	1
"atoDAEB"	4	0.268424497807519	0.27023262248327
"atoSC"	2	0.411723348647589	0.411723348647589
"atpBEFHAGDC"	8	0.568385533277233	0.576148153855246
"atpIBEFHAGDC"	9	0.513950769448894	0.541792411668301
"avtA"	1	1	1
"azoR"	1	1	1
"azuC"	1	1	1
"bacA"	1	1	1
"baeSR"	2	0.0945749008520462	0.0945749008520462
"bamA"	1	1	1
"bamA-skp-lpxD-fabZ-lpxAB-rnhB-dnaE"	8	0.307937650059394	0.325766961730938
"bamB-der"	2	0.36515459441598	0.36515459441598
"bamC"	1	1	1
"bamD"	1	1	1
"bamE"	1	1	1
"barA"	1	1	1
"basRS"	2	0.461216801055019	0.461216801055019
"bax"	1	1	1
"bcp"	1	1	1
"bcr"	1	1	1
"bcsABZC"	4	0.342174919579833	0.348557165157619
"bcsBZ"	2	0.361215017843932	0.361215017843932
"bcsEFG"	3	0.503360924114011	0.471643529796228
"bcsQ"	1	1	1
"bdcA"	1	1	1
"bdcR"	1	1	1
"bdm-sra"	2	0.375092108683488	0.375092108683488
"bepA-yfgD"	2	0.232101977139721	0.232101977139721
"betIBA"	3	0.532136972764675	0.551306388361007
"betT"	1	1	1
"bfd-bfr"	2	0.102183469059924	0.102183469059924
"bglA"	1	1	1
"bglG"	1	1	1
"bglGFB"	3	0.267639002638495	0.274799480693191
"bglH-yieLK"	3	0.276371133899676	0.314040283023442
"bglX"	1	1	1
"bhsA"	1	1	1
"bioA"	1	1	1
"bioBFCD"	4	0.567821630959634	0.585360189411116
"bioH"	1	1	1
"bipA"	1	1	1
"bisC"	1	1	1
"blc"	1	1	1
"blr"	1	1	1
"bluF"	1	1	1
"bluR"	1	1	1
"bolA"	1	1	1
"borD"	1	1	1
"brnQ-proY"	2	0.294853056763029	0.294853056763029
"bsmA"	1	1	1
"bssR"	1	1	1
"bssS"	1	1	1
"btuB-murI"	2	0.272697540129588	0.272697540129588
"btuCED"	3	0.212117827141942	0.0718669848223782
"cadA"	1	1	1
"cadBA"	2	0.500750650195676	0.500750650195676
"cadC"	1	1	1
"caiCDE"	3	0.224722416270711	0.225091913137779
"caiF"	1	1	1
"caiTABCDE"	6	0.204166854676048	0.22912088594192
"can"	1	1	1
"carAB"	2	0.697852972473122	0.697852972473122
"carB"	1	1	1
"cas2"	1	1	1
"cas3"	1	1	1
"casABCDE12"	7	0.310400542302953	0.325740982068337
"casDE12"	4	0.386356366861233	0.384796990722962
"cbl"	1	1	1
"cbpAM"	2	0.595944224009094	0.595944224009094
"cbrA"	1	1	1
"cbrB"	1	1	1
"cbrBC"	2	0.471254533642975	0.471254533642975
"cbrC"	1	1	1
"ccmABCDEFGH"	8	0.367807066055477	0.376785284346015
"cdaR"	1	1	1
"cdd"	1	1	1
"cdgI"	1	1	1
"cdh"	1	1	1
"cdsA"	1	1	1
"cecR-ybhGFSR"	5	0.341188753652191	0.349561988385073
"cedA"	1	1	1
"cfa"	1	1	1
"chaA"	1	1	1
"chaBC"	2	0.43443807529226	0.43443807529226
"chaC"	1	1	1
"chbBCARFG"	6	0.205436057298039	0.203278653829294
"chiA"	1	1	1
"chiP-ybfN"	2	0.12646904409909	0.12646904409909
"cho"	1	1	1
"chpSB"	2	0.496366501920489	0.496366501920489
"cirA"	1	1	1
"citCDEFXG"	6	0.387196341336209	0.379140999116045
"citT"	1	1	1
"clcA"	1	1	1
"clcB"	1	1	1
"clpA"	1	1	1
"clpB"	1	1	1
"clpPX"	2	0.523494477520682	0.523494477520682
"clpS"	1	1	1
"clpX-lon"	2	0.431077947678613	0.431077947678613
"clsA-yciU"	2	0.212306479263208	0.212306479263208
"clsC"	1	1	1
"cmk-rpsA"	2	0.331415027029172	0.331415027029172
"cmoM-mukFEB"	4	0.357343691821887	0.370128657428911
"cmtBA-yggPFDC"	6	0.162127159250336	0.0916982721512457
"cnu"	1	1	1
"coaA"	1	1	1
"coaE-zapD-yacG"	3	0.321351786454812	0.343401335834392
"cobUST"	3	0.332905078373649	0.314819770599131
"codBA"	2	0.641868290990423	0.641868290990423
"cof"	1	1	1
"comR"	1	1	1
"copA"	1	1	1
"corA"	1	1	1
"cpdB"	1	1	1
"cpxPQ"	1	1	1
"cpxRA"	2	0.391394790618961	0.391394790618961
"cra"	1	1	1
"crcB"	1	1	1
"creABC"	3	0.324841587419728	0.317524294515716
"creABCD"	4	0.239021245789879	0.232105711310658
"creD"	1	1	1
"crfC-yjcZ"	2	0.438921640618391	0.438921640618391
"crl"	1	1	1
"crp"	1	1	1
"crr"	1	1	1
"csdAE"	2	0.312260082256713	0.312260082256713
"csgBAC"	3	0.298879703788289	0.23981711432975
"csgC"	1	1	1
"csgDEFG"	4	0.600045423747205	0.608799324606916
"csiD-lhgO-gabDTP"	5	0.601175017714718	0.615852447518553
"csiE"	1	1	1
"csiR"	1	1	1
"cspA"	1	1	1
"cspB"	1	1	1
"cspD"	1	1	1
"cspE"	1	1	1
"cspF"	1	1	1
"cspG"	1	1	1
"cspH"	1	1	1
"cspI"	1	1	1
"csrA"	1	1	1
"csrD"	1	1	1
"cstA"	1	1	1
"cueO"	1	1	1
"cueR"	1	1	1
"curA"	1	1	1
"cusCFBA"	4	0.463490469087251	0.48271137910324
"cusRS"	2	0.311552872561811	0.311552872561811
"cutA"	1	1	1
"cvpA-purF-ubiX"	3	0.405111523328703	0.265442809933369
"cvrA"	1	1	1
"cyaA"	1	1	1
"cyaY"	1	1	1
"cybB"	1	1	1
"cycA"	1	1	1
"cydAB"	2	0.774933440701007	0.774933440701007
"cydDC"	2	0.594067097742978	0.594067097742978
"cydX-ybgE"	2	0.710532389850767	0.710532389850767
"cynR"	1	1	1
"cynTS"	2	0.366999377777525	0.366999377777525
"cynTSX"	3	0.282146346780403	0.318434058078339
"cyoABCDE"	5	0.721026572317718	0.707235272762134
"cysB"	1	1	1
"cysDNC"	3	0.673101348795438	0.659526929867123
"cysE"	1	1	1
"cysG"	1	1	1
"cysH"	1	1	1
"cysJIH"	3	0.73635981800842	0.741703227785631
"cysK"	1	1	1
"cysPUWAM"	5	0.534051089704069	0.535668437186116
"cysQ"	1	1	1
"cysS"	1	1	1
"cysZ"	1	1	1
"cytR"	1	1	1
"dacA"	1	1	1
"dacB"	1	1	1
"dacC"	1	1	1
"dacD"	1	1	1
"dadAX"	2	0.780574007298154	0.780574007298154
"dam-rpe-gph-trpS"	4	0.356583843452129	0.397022638313033
"damX-dam-rpe-gph-trpS"	5	0.304720704781317	0.299695173608014
"dapA-bamC"	2	0.250926565505047	0.250926565505047
"dapB"	1	1	1
"dapD"	1	1	1
"dapE-ypfN"	2	0.372957186746904	0.372957186746904
"dauA"	1	1	1
"dcd"	1	1	1
"dcm-vsr"	2	0.343978330926066	0.343978330926066
"dcp"	1	1	1
"dcrB"	1	1	1
"dctA"	1	1	1
"dcuA"	1	1	1
"dcuB-fumB"	2	0.630940228661802	0.630940228661802
"dcuC"	1	1	1
"dcuD"	1	1	1
"dcuR"	1	1	1
"dcuSR"	2	0.400141983714871	0.400141983714871
"dcyD-tcyLN"	3	0.519903631380676	0.535781855468133
"ddlA"	1	1	1
"ddpXABCDF"	6	0.368363902131768	0.367929557390312
"deaD"	1	1	1
"decR"	1	1	1
"def-fmt"	2	0.357477025602734	0.357477025602734
"degP"	1	1	1
"degQ"	1	1	1
"degQS"	2	0.0142248339295677	0.0142248339295677
"degS"	1	1	1
"deoABD"	3	0.494494710982952	0.527276020971386
"deoBD"	2	0.527276020971386	0.527276020971386
"deoCABD"	4	0.494959382864148	0.509451486396123
"deoR"	1	1	1
"dfp"	1	1	1
"dgcC"	1	1	1
"dgcE"	1	1	1
"dgcF"	1	1	1
"dgcJ"	1	1	1
"dgcM"	1	1	1
"dgcP"	1	1	1
"dgcQ"	1	1	1
"dgcT"	1	1	1
"dgcZ"	1	1	1
"dgkA"	1	1	1
"dgoRKADT"	5	0.356546454787224	0.376285204083013
"dgt"	1	1	1
"dhaKLM"	3	0.693997281713794	0.668061823230405
"dhaM"	1	1	1
"dhaR"	1	1	1
"diaA"	1	1	1
"dicA"	1	1	1
"dicB-ydfDE-insD-intQ"	5	0.206607720254259	0.226305315873085
"dicC-ydfXW"	3	0.192214271925429	0.157441062793152
"dinB-yafNOP"	4	0.305125469456709	0.280636523321602
"dinD"	1	1	1
"dinG"	1	1	1
"dinI"	1	1	1
"dinJ-yafQ"	2	0.416630343154485	0.416630343154485
"dinQ"	1	1	1
"djlA"	1	1	1
"dkgA"	1	1	1
"dkgB"	1	1	1
"dksA-gluQ"	2	0.0828142661012274	0.0828142661012274
"dld"	1	1	1
"dmlA"	1	1	1
"dmlR"	1	1	1
"dmsABC"	3	0.523718070339121	0.508210857292678
"dnaAN-recF"	3	0.416077973617792	0.400364666900814
"dnaB"	1	1	1
"dnaK-tpke11-dnaJ"	2	0.636095824248938	0.636095824248938
"dnaN-recF"	2	0.36888219220949	0.36888219220949
"dnaQ"	1	1	1
"dnaTC"	2	0.348278605479748	0.348278605479748
"dnaTC-yjjA"	3	0.336961095402897	0.348278605479748
"dnaX"	1	1	1
"dosCP"	2	0.411687350641662	0.411687350641662
"dpiBA"	2	0.345835936816813	0.345835936816813
"dppABCDF"	5	0.556197158126466	0.574590741384324
"dps"	1	1	1
"dsbA"	1	1	1
"dsbB"	1	1	1
"dsbC"	1	1	1
"dsbC-recJ-prfB"	3	0.27430478118521	0.282747312655858
"dsbD-yjdC"	2	0.120187327194901	0.120187327194901
"dsbG"	1	1	1
"dsdA"	1	1	1
"dsdC"	1	1	1
"dsdXA"	2	0.395863116805484	0.395863116805484
"dsrB"	1	1	1
"dtpA"	1	1	1
"dtpB"	1	1	1
"dtpC"	1	1	1
"dtpD"	1	1	1
"dusA"	1	1	1
"dusB-fis"	2	0.655642691488403	0.655642691488403
"dusC"	1	1	1
"dut-slmA"	2	0.602155750755467	0.602155750755467
"dxr"	1	1	1
"eaeH-insEF-1E-1F-1"	2	0.351951788884506	0.351951788884506
"eamA"	1	1	1
"eamB"	1	1	1
"ebgAC"	2	0.351696853984997	0.351696853984997
"ebgR"	1	1	1
"ecnAB"	2	0.0582660792160642	0.0582660792160642
"ecnB"	1	1	1
"eco"	1	1	1
"ecpA"	1	1	1
"ecpBCDE"	1	1	1
"ecpR"	1	1	1
"eda"	1	1	1
"edd-eda"	2	0.246175101518784	0.246175101518784
"efeOB"	2	0.630720303465566	0.630720303465566
"efp"	1	1	1
"elaA"	1	1	1
"elaB"	1	1	1
"elaD"	1	1	1
"elbB-mtgA"	2	0.323868193022335	0.323868193022335
"elfA"	1	1	1
"elfDCG-ycbUVF"	6	0.205892813096427	0.197261360302221
"elyC"	1	1	1
"emrD"	1	1	1
"emrE"	1	1	1
"emrKY"	2	0.289380214198102	0.289380214198102
"emtA"	1	1	1
"endA"	1	1	1
"eno"	1	1	1
"entCEBAH"	5	0.617250459951231	0.607904574166295
"entH"	1	1	1
"entS"	1	1	1
"envR"	1	1	1
"envY-ompT"	2	0.136635373113279	0.136635373113279
"epd-pgk"	2	0.337539784711611	0.337539784711611
"epd-pgk-fbaA"	3	0.375132046476474	0.339812416342077
"epmA"	1	1	1
"epmB"	1	1	1
"eptA"	1	1	1
"eptB"	1	1	1
"eptC"	1	1	1
"erpA"	1	1	1
"essD-rrrD-rzpD"	3	0.294114217374341	0.264114971381601
"essQ-ydfR-rrrQ-rzpQ"	4	0.195417771973153	0.203906035067101
"ettA"	1	1	1
"eutBCLKR"	5	0.289526024313553	0.292415275258531
"eutHA"	2	0.2677182798748	0.2677182798748
"eutNEJG"	4	0.293248763068117	0.281603068824558
"eutSPQTDM"	6	0.302919537468234	0.302361870408945
"evgAS"	2	0.420136909687955	0.420136909687955
"exbBD"	2	0.670999801447064	0.670999801447064
"exbD"	1	1	1
"exuR"	1	1	1
"exuT"	1	1	1
"fabA"	1	1	1
"fabB"	1	1	1
"fabDG-acpP"	3	0.273118276018271	0.312097206286023
"fabF"	1	1	1
"fabG-acpP"	2	0.312097206286023	0.312097206286023
"fabHDG"	3	0.415870180725989	0.39245092201367
"fabI"	1	1	1
"fabR-yijD"	2	0.508389274445945	0.508389274445945
"fabZ"	1	1	1
"fadBA"	2	0.620725832019316	0.620725832019316
"fadD-sroD"	1	1	1
"fadE"	1	1	1
"fadH"	1	1	1
"fadIJ"	2	0.574091469616167	0.574091469616167
"fadL"	1	1	1
"fadM"	1	1	1
"fadR"	1	1	1
"fbaB"	1	1	1
"fbp"	1	1	1
"fdhD"	1	1	1
"fdhF"	1	1	1
"fdnGHI"	3	0.4261227356454	0.415386851121682
"fdoGHI-fdhE"	4	0.521644183150633	0.544110931490856
"fdrA-ylbEF-ybcF"	3	0.217321384842136	0.236569632790643
"feaB"	1	1	1
"feaR"	1	1	1
"fecABCDE"	5	0.485272051225896	0.480339951152642
"fecIR"	2	0.586370670826288	0.586370670826288
"feoABC"	3	0.432540645245654	0.386323385687087
"feoC"	1	1	1
"fepA-entD"	2	0.465932203537984	0.465932203537984
"fepB"	1	1	1
"fepDGC"	3	0.501081285993391	0.513992158454083
"fes-ybdZ-entF-fepE"	4	0.375907065867367	0.389571642647677
"fetAB"	2	0.417201301024447	0.417201301024447
"ffh"	1	1	1
"fhuACDB"	4	0.456485339403535	0.466657259841839
"fhuE"	1	1	1
"fhuF"	1	1	1
"ficA-fic-pabA"	2	0.167313245920843	0.167313245920843
"fieF"	1	1	1
"fimAICDFGH"	7	0.458673749445153	0.463428427440458
"fimB"	1	1	1
"fimE"	1	1	1
"fimZ"	1	1	1
"fiu"	1	1	1
"fixABCX"	4	0.327636309756228	0.317201116163598
"fklB"	1	1	1
"fkpA"	1	1	1
"fldA-uof-fur"	3	0.412852620796232	0.393745852698363
"fldB"	1	1	1
"flgAMN"	3	0.60703637709431	0.576321375663985
"flgBCDEFGHIJ"	9	0.670153485902365	0.68531713218612
"flgKL"	2	0.672525230991659	0.672525230991659
"flgMN"	2	0.708760309059416	0.708760309059416
"flhBAE"	3	0.474137462894054	0.486097289187886
"flhDC"	2	0.694988600664927	0.694988600664927
"fliAZ-tcyJ"	3	0.378610512811416	0.252968190590103
"fliC"	1	1	1
"fliDST"	3	0.577798194242837	0.589958339978181
"fliE"	1	1	1
"fliFGHIJK"	6	0.589835799271574	0.595496421367864
"fliLMNOPQR"	7	0.540987904431065	0.542276537405384
"flk"	1	1	1
"flu"	1	1	1
"flxA"	1	1	1
"fnr"	1	1	1
"focA-pflB"	2	0.466049248897731	0.466049248897731
"folA"	1	1	1
"folB"	1	1	1
"folC-dedD"	2	0.348446456833441	0.348446456833441
"folD-ybcJ"	2	0.281236796419931	0.281236796419931
"folE-yeiB"	2	0.394162891501268	0.394162891501268
"folP-glmM"	2	0.326561844294105	0.326561844294105
"folX-yfcH"	2	0.297183191706925	0.297183191706925
"fpr"	1	1	1
"frc"	1	1	1
"frdABCD"	4	0.685957113436013	0.6925307318923
"fre"	1	1	1
"frlABCDR"	5	0.223448867846014	0.217032960424811
"frmRAB"	3	0.478501250351326	0.486002445999244
"frr"	1	1	1
"frsA"	1	1	1
"fruBKA"	3	0.572921834401629	0.6065027003521
"frvABXR"	4	0.274394567695268	0.266654027769642
"frwCB"	2	0.288641308551212	0.288641308551212
"frwD"	1	1	1
"fryBC-ypdFE-fryA"	5	0.174030205262635	0.165388136243121
"fsaA"	1	1	1
"fsr"	1	1	1
"ftnA"	1	1	1
"ftnB"	1	1	1
"ftsAZ"	2	0.422772261463421	0.422772261463421
"ftsB"	1	1	1
"ftsK"	1	1	1
"ftsLI-murEF-mraY-murD-ftsW-murGC-ddlB-ftsQAZ-lpxC"	14	0.277359358699397	0.278430006569162
"ftsP"	1	1	1
"ftsQ"	1	1	1
"ftsQAZ"	3	0.463245540632729	0.422772261463421
"ftsYEX"	3	0.31368689715929	0.269793745585131
"ftsZ"	1	1	1
"fucAO"	2	0.531983701511166	0.531983701511166
"fucPIKUR"	5	0.261319357384373	0.215691948432861
"fucR"	1	1	1
"fumA"	1	1	1
"fumAC"	2	0.486537911606333	0.486537911606333
"fumB"	1	1	1
"fumC"	1	1	1
"fur"	1	1	1
"fusA-tufA"	2	0.46375080408919	0.46375080408919
"fxsA"	1	1	1
"gabDTP"	3	0.591514306611256	0.551478617287056
"gadAX"	2	0.546683341839792	0.546683341839792
"gadBC"	2	0.7727447453211	0.7727447453211
"gadC"	1	1	1
"gadEF"	1	1	1
"gadEF-mdtEF"	3	0.543381822394972	0.543918431034724
"gadW"	1	1	1
"gadX"	1	1	1
"gadXW"	2	0.658568676283506	0.658568676283506
"galE"	1	1	1
"galET"	2	0.576857388129385	0.576857388129385
"galETK"	3	0.513781447984695	0.486358617091674
"galETKM"	4	0.427574879694499	0.460505818235429
"galF"	1	1	1
"galK"	1	1	1
"galP"	1	1	1
"galR"	1	1	1
"galS"	1	1	1
"galU"	1	1	1
"gapA"	1	1	1
"gapA-yeaD"	2	0.43970216997668	0.43970216997668
"garD"	1	1	1
"garPLRK-rnpB"	4	0.371151818221032	0.376721562742256
"gatYZABCD"	6	0.676846035058753	0.680367902870003
"gatZABCD"	5	0.708173653762577	0.70002098239848
"gcd"	1	1	1
"gcl-hyi-glxR-ybbW-allB-ybbY-glxK"	7	0.214408417446107	0.220078348992626
"gcvA"	1	1	1
"gcvP"	1	1	1
"gcvR"	1	1	1
"gcvTHP"	3	0.737789072785844	0.719577235590972
"gdhA"	1	1	1
"gfcA"	1	1	1
"gfcBCD"	3	0.252127545391131	0.255565148555693
"gfcE-etp-etk"	3	0.272104036205096	0.26884012128858
"ggt"	1	1	1
"ghoST"	2	0.587855348505252	0.587855348505252
"ghrA"	1	1	1
"ghrB"	1	1	1
"ghxP"	1	1	1
"glcBA"	2	0.284183183659974	0.284183183659974
"glcC"	1	1	1
"glcDEFGBA"	6	0.478285581377927	0.474453865954823
"glf-wbbH"	2	0.713527013710551	0.713527013710551
"glgAP"	2	0.641965204045314	0.641965204045314
"glgBXCAP"	5	0.62970445699269	0.647557915575397
"glgCAP"	3	0.66494351901315	0.641965204045314
"glgS"	1	1	1
"glk"	1	1	1
"glmUS"	2	0.531421292784593	0.531421292784593
"glnA"	1	1	1
"glnALG"	3	0.528589425282185	0.48414279310037
"glnB"	1	1	1
"glnD"	1	1	1
"glnHPQ"	3	0.658955354631708	0.671814691992934
"glnK-amtB"	2	0.513049713684227	0.513049713684227
"glnLG"	2	0.477408838637762	0.477408838637762
"glnQ"	1	1	1
"glnS"	1	1	1
"gloA"	1	1	1
"gloB"	1	1	1
"glpABC"	3	0.62385724476563	0.620898103256437
"glpD"	1	1	1
"glpEGR"	3	0.464626602313781	0.441408416337738
"glpFKX"	3	0.485408184619818	0.42270859348243
"glpGR"	2	0.441408416337738	0.441408416337738
"glpR"	1	1	1
"glpTQ"	2	0.653928006643949	0.653928006643949
"glrK"	1	1	1
"glrR"	1	1	1
"glrR-glnB"	2	0.130941748004582	0.130941748004582
"gltA"	1	1	1
"gltBDF"	3	0.323620008146202	0.144891943839168
"gltI-sroC-gltJKL"	4	0.406991329569447	0.425285125366052
"gltP"	1	1	1
"gltS"	1	1	1
"gltX"	1	1	1
"glvCBG-ysdC"	1	1	1
"glxK"	1	1	1
"glyA"	1	1	1
"glyQS"	2	0.484248547989495	0.484248547989495
"gmhB"	1	1	1
"gmk"	1	1	1
"gnd"	1	1	1
"gnsB"	1	1	1
"gntK"	1	1	1
"gntKU"	2	0.450618393597975	0.450618393597975
"gntP"	1	1	1
"gntR"	1	1	1
"gntRKU"	3	0.231660960028062	0.178304084415002
"gntT"	1	1	1
"gntU"	1	1	1
"gntX-nfuA"	2	0.17881992522897	0.17881992522897
"gor"	1	1	1
"gpmA"	1	1	1
"gpmM-envC-yibQ"	3	0.245027498794962	0.195157360854503
"gpp"	1	1	1
"gpt"	1	1	1
"grcA"	1	1	1
"greA"	1	1	1
"greB"	1	1	1
"groL"	1	1	1
"groSL"	2	0.672494185751277	0.672494185751277
"grpE"	1	1	1
"grxA"	1	1	1
"grxB"	1	1	1
"grxC"	1	1	1
"grxD"	1	1	1
"gshA"	1	1	1
"gsk"	1	1	1
"gspAB"	2	0.369082055535299	0.369082055535299
"gspCDEFGHIJKLMO"	12	0.247305107724066	0.23039489144517
"gss"	1	1	1
"gstA"	1	1	1
"gstB"	1	1	1
"guaBA"	2	0.670607662165889	0.670607662165889
"guaC"	1	1	1
"gudPXD"	3	0.395673478234081	0.392583261594356
"gyrA"	1	1	1
"gyrB"	1	1	1
"hcaEFCBD"	5	0.269172580027627	0.267729015340231
"hcaR"	1	1	1
"hcaT"	1	1	1
"hchA"	1	1	1
"hcp-hcr"	2	0.320699773243119	0.320699773243119
"hda"	1	1	1
"hdeAB-yhiD"	3	0.674576435443417	0.583092750306554
"hdeD"	1	1	1
"hdfR"	1	1	1
"hdhA"	1	1	1
"helD"	1	1	1
"hemA"	1	1	1
"hemA-prfA-prmC"	3	0.487256715451307	0.45908287361614
"hemB"	1	1	1
"hemCDXY"	4	0.347905256284296	0.333898601061428
"hemF"	1	1	1
"hemH"	1	1	1
"hemL"	1	1	1
"hemN"	1	1	1
"hflD-purB"	2	0.483377182112847	0.483377182112847
"hfq-hflXKC"	4	0.312767854229049	0.291233488347647
"hicAB"	2	0.270398944634372	0.270398944634372
"higBA"	2	0.377544359818274	0.377544359818274
"hinT-ycfL-lpoB-thiK-nagZ-ycfP"	6	0.366357806366478	0.35093357227453
"hipBA"	2	0.443529822947222	0.443529822947222
"hisBHAFI"	5	0.637393125583651	0.648696258395697
"hisJQMP"	4	0.487453800420997	0.489888733213033
"hisL"	1	1	1
"hisLGDCBHAFI"	9	0.496476063752961	0.570228706406651
"hisS"	1	1	1
"hlyE"	1	1	1
"hmp"	1	1	1
"hns"	1	1	1
"hofMNOP"	4	0.33107247048131	0.340903318423396
"hofQ"	1	1	1
"hokA"	1	1	1
"hokB"	1	1	1
"hokD"	1	1	1
"hokE"	1	1	1
"holC"	1	1	1
"holC-valS"	2	0.342970328247285	0.342970328247285
"holD-rimI-yjjG"	3	0.451281773947939	0.432815394406659
"holE"	1	1	1
"hpt"	1	1	1
"hrpA"	1	1	1
"hrpB"	1	1	1
"hscBA-fdx-iscX"	4	0.576865801138565	0.579205002021872
"hscC"	1	1	1
"hsdMS"	2	0.459204242582084	0.459204242582084
"hsdRMS"	3	0.328483807985217	0.280916923791362
"hslJ"	1	1	1
"hslO"	1	1	1
"hslRO"	2	0.589831217044764	0.589831217044764
"hslVU"	2	0.616559387815681	0.616559387815681
"hspQ"	1	1	1
"htpG"	1	1	1
"htpX"	1	1	1
"htrL"	1	1	1
"hupA"	1	1	1
"hupB"	1	1	1
"hyaABCDEF"	6	0.537530342600737	0.53405942634117
"hybOABCDEFG"	8	0.466902386969915	0.447848257994943
"hycABCDEFGHI"	9	0.302840118809264	0.314084446208116
"hydN-hypF"	2	0.337569184748287	0.337569184748287
"hyfABCDEFGHIJR-focB"	12	0.181017312384017	0.173562218656598
"hypABCDE"	5	0.499870495978126	0.486753730576885
"hypABCDE-fhlA"	6	0.416462195091519	0.430455667691211
"hypBCDE"	4	0.517922048277229	0.528850787018109
"hypBCDE-fhlA"	5	0.417558889744637	0.404022834460513
"hypF"	1	1	1
"hypT"	1	1	1
"hyuA"	1	1	1
"iaaA-gsiABCD"	5	0.448892364718277	0.449783863112733
"iap"	1	1	1
"ibaG"	1	1	1
"ibaG-murA"	2	0.394176844560728	0.394176844560728
"ibpAB"	2	0.74309752787261	0.74309752787261
"ibpB"	1	1	1
"icd"	1	1	1
"iclR"	1	1	1
"idi"	1	1	1
"idnDOTR"	4	0.277588700557789	0.28868023325134
"idnK"	1	1	1
"idnR"	1	1	1
"ihfA"	1	1	1
"ihfB"	1	1	1
"ileS-lspA-fkpB-ispH"	4	0.439218597949288	0.443640695674061
"ilvA"	1	1	1
"ilvC"	1	1	1
"ilvEDA"	3	0.517976866592723	0.484967508119328
"ilvIH"	2	0.479350535797883	0.479350535797883
"ilvL"	1	1	1
"ilvLXG_1G_2MEDA"	6	0.364178030854149	0.328722491967125
"ilvY"	1	1	1
"inaA"	1	1	1
"infA"	1	1	1
"infC"	1	1	1
"infC-rpmI-rplT"	3	0.471002821555935	0.432056985507113
"insA-1AB-1B-1"	2	0.46892263028098	0.46892263028098
"insA-2AB-2B-2-afuBC"	4	0.133045191004908	0.0607897388187582
"insA-3AB-3B-3"	2	0.558795038905939	0.558795038905939
"insA-4AB-4B-4"	2	0.142339973515486	0.142339973515486
"insA-5AB-5B-5"	2	0.571744184039218	0.571744184039218
"insA-7"	1	1	1
"insC-1CD-1D-1"	2	0.43690158431083	0.43690158431083
"insC-2CD-2D-2"	2	0.425324270255245	0.425324270255245
"insC-3CD-3D-3"	2	0.393961472970041	0.393961472970041
"insC-4CD-4D-4-ygeONM"	3	0.225863887520633	0.0484525046736482
"insC-5CD-5D-5-yqiGHI"	5	0.180695711749949	0.169163046943259
"insC-6CD-6D-6"	2	0.421625470971871	0.421625470971871
"insE-2EF-2F-2"	2	0.419725040952152	0.419725040952152
"insE-3EF-3F-3"	2	0.30440454520707	0.30440454520707
"insE-4EF-4F-4"	2	0.293580609390121	0.293580609390121
"insE-5EF-5F-5"	2	0.332496652863101	0.332496652863101
"insG"	1	1	1
"insH-1"	1	1	1
"insH-10"	1	1	1
"insH-11"	1	1	1
"insH-2"	1	1	1
"insH-3"	1	1	1
"insH-4"	1	1	1
"insH-5"	1	1	1
"insH-6"	1	1	1
"insH-7"	1	1	1
"insH-8"	1	1	1
"insH-9"	1	1	1
"insI-2"	1	1	1
"insJ"	1	1	1
"insK"	1	1	1
"insL-1"	1	1	1
"insL-2"	1	1	1
"insL-3"	1	1	1
"insMI-3"	1	1	1
"insN-1I-1O-1"	1	1	1
"insO-2-yjhWV"	1	1	1
"intA"	1	1	1
"intB"	1	1	1
"intD"	1	1	1
"intF"	1	1	1
"intS"	1	1	1
"intZ"	1	1	1
"iraD"	1	1	1
"iraM"	1	1	1
"iraP"	1	1	1
"iscRSUA"	4	0.627182857460175	0.614427165812847
"ispB"	1	1	1
"ispDF"	2	0.477625917532843	0.477625917532843
"ispG-sroE"	1	1	1
"ispU"	1	1	1
"isrC-flu"	1	1	1
"ivbL"	1	1	1
"ivbL-ilvBN"	3	0.482219271901598	0.383622585029804
"ivbL-ilvBN-uhpABC"	6	0.244362107803079	0.203408469553274
"ivy"	1	1	1
"katE"	1	1	1
"katG"	1	1	1
"kbaZ-agaVWA"	4	0.341602183219257	0.356936040842749
"kbl-tdh"	2	0.476606107856672	0.476606107856672
"kbp"	1	1	1
"kch"	1	1	1
"kdgK"	1	1	1
"kdgR"	1	1	1
"kdgT"	1	1	1
"kdpDE"	2	0.257861986677142	0.257861986677142
"kdpFABC"	4	0.206528800457538	0.135732826512598
"kdsA"	1	1	1
"kdsC-lptCAB"	4	0.360119593773898	0.368403060474543
"kduD"	1	1	1
"kduI"	1	1	1
"kefFC"	2	0.310448459867971	0.310448459867971
"kefGB-yheV"	3	0.34941393015326	0.351082811977883
"kgtP"	1	1	1
"kilR-ydaE"	2	0.459528710603318	0.459528710603318
"kptA"	1	1	1
"kup"	1	1	1
"lacI"	1	1	1
"lacYA"	2	0.51992863992844	0.51992863992844
"lacZYA"	3	0.449122195724389	0.446950464150116
"lapAB"	2	0.47172562379519	0.47172562379519
"lapAB-pyrF-yciH"	4	0.208210549133307	0.105347368912054
"ldcA"	1	1	1
"ldcC"	1	1	1
"ldhA"	1	1	1
"ldrA"	1	1	1
"ldrB"	1	1	1
"ldrC"	1	1	1
"ldrD"	1	1	1
"ldtA"	1	1	1
"ldtB"	1	1	1
"ldtC"	1	1	1
"ldtD"	1	1	1
"ldtE"	1	1	1
"lepAB"	2	0.41195148856045	0.41195148856045
"leuE"	1	1	1
"leuL"	1	1	1
"leuLABCD"	5	0.47929359966603	0.581081576325332
"leuO"	1	1	1
"leuS-lptE-holA-nadD-cobC"	5	0.323509590351039	0.325910957528541
"lexA-dinF"	2	0.282004218605652	0.282004218605652
"lgoD"	1	1	1
"lgoR"	1	1	1
"lgoT"	1	1	1
"lgt"	1	1	1
"lgt-thyA"	2	0.432707540660088	0.432707540660088
"lhr"	1	1	1
"ligA-ypeB"	2	0.275294406929577	0.275294406929577
"ligB"	1	1	1
"lipA"	1	1	1
"lipB"	1	1	1
"lit"	1	1	1
"livJ"	1	1	1
"livKHMGF"	5	0.482299003796626	0.494907872460614
"lldPRD"	3	0.609355344428282	0.599548263704284
"loiP"	1	1	1
"lolA-rarA"	2	0.386497433848491	0.386497433848491
"lolB-ispE-prs"	3	0.36500809651433	0.352806144040498
"lolCDE"	3	0.40982178261056	0.363475214977714
"lomR_2-stfR-tfaR"	2	0.213473592102334	0.213473592102334
"lon"	1	1	1
"lpcA"	1	1	1
"lpd"	1	1	1
"lpoA"	1	1	1
"lpp"	1	1	1
"lptAB"	2	0.42780281203091	0.42780281203091
"lptB-rpoN-hpf-ptsN-rapZ"	5	0.329306564594942	0.382882908834793
"lptD"	1	1	1
"lptD-surA-pdxA"	3	0.333158866297086	0.310880275073848
"lptFG"	2	0.374943111166273	0.374943111166273
"lpxC"	1	1	1
"lpxD"	1	1	1
"lpxL"	1	1	1
"lpxM"	1	1	1
"lpxP"	1	1	1
"lrhA"	1	1	1
"lrp"	1	1	1
"lspA-fkpB-ispH"	3	0.468651537145662	0.493432170195821
"lsrACDBFG-tam"	7	0.393398888301264	0.394581661157641
"lsrK"	1	1	1
"lsrRK"	2	0.555189436505223	0.555189436505223
"ltaE-ybjT"	2	0.379396041579042	0.379396041579042
"luxS"	1	1	1
"lysA"	1	1	1
"lysC"	1	1	1
"lysO"	1	1	1
"lysP"	1	1	1
"lysR"	1	1	1
"lysU"	1	1	1
"maa"	1	1	1
"macAB"	2	0.234548784462989	0.234548784462989
"macB"	1	1	1
"maeA"	1	1	1
"maeB"	1	1	1
"mak"	1	1	1
"malEFG"	3	0.641149769534696	0.642137294628626
"malI"	1	1	1
"malK-lamB-malM"	3	0.739423300747415	0.763956025796476
"malPQ"	2	0.640455695025352	0.640455695025352
"malQ"	1	1	1
"malS"	1	1	1
"malT"	1	1	1
"malXY"	2	0.330254555864254	0.330254555864254
"malZ"	1	1	1
"manA"	1	1	1
"manXYZ"	3	0.755750144419214	0.730507923566747
"map-glnD-dapD"	3	0.191852450860552	0.211214892477207
"marC"	1	1	1
"marRAB"	3	0.531972519321358	0.489103488915009
"matP"	1	1	1
"mazEFG"	3	0.429572253283199	0.411285858419092
"mcbA"	1	1	1
"mcbR"	1	1	1
"mcrA"	1	1	1
"mcrBC"	2	0.569429372366069	0.569429372366069
"mdaB"	1	1	1
"mdfA"	1	1	1
"mdh"	1	1	1
"mdlAB"	2	0.329597859320677	0.329597859320677
"mdtABCD-baeSR"	6	0.15302251174149	0.177809582334434
"mdtEF"	2	0.639570234162975	0.639570234162975
"mdtG"	1	1	1
"mdtH"	1	1	1
"mdtJI"	2	0.581809403885085	0.581809403885085
"mdtK"	1	1	1
"mdtL"	1	1	1
"mdtM-yjiN"	2	0.226878352147317	0.226878352147317
"mdtNOP"	3	0.372482464303387	0.321813710117956
"melAB"	2	0.540496187022891	0.540496187022891
"melR"	1	1	1
"menA-rraA"	2	0.0190331787365372	0.0190331787365372
"menBCE"	3	0.433792107094749	0.408208234004907
"menDHBCE"	5	0.354504040070564	0.342784300483026
"menFDHBCE"	6	0.301923514218664	0.311415867644639
"mepH"	1	1	1
"mepM"	1	1	1
"mepS"	1	1	1
"metA"	1	1	1
"metBL"	2	0.393114733706678	0.393114733706678
"metC"	1	1	1
"metE"	1	1	1
"metF"	1	1	1
"metG"	1	1	1
"metH"	1	1	1
"metJ"	1	1	1
"metK"	1	1	1
"metNIQ"	3	0.556677256137317	0.54788174545669
"metR"	1	1	1
"metY-rimP-nusA-infB"	3	0.562114007089155	0.566681973559556
"metY-rimP-nusA-infB-rbfA-truB-rpsO-pnp"	7	0.449984704164057	0.435759470096519
"mfd"	1	1	1
"mglAC"	2	0.689233208743715	0.689233208743715
"mglBAC"	3	0.669982183039877	0.689233208743715
"mgrB"	1	1	1
"mgsA"	1	1	1
"mgtLA"	2	0.501164351624241	0.501164351624241
"mhpABCDFE"	6	0.284722099672521	0.271142840453146
"mhpR-lacI"	2	0.280528493789939	0.280528493789939
"mhpT"	1	1	1
"miaA-hfq-hflXKC"	5	0.317315824968658	0.291233488347647
"miaB"	1	1	1
"minCDE"	3	0.568401015784782	0.582528105101841
"mioC"	1	1	1
"mipA"	1	1	1
"mlaA"	1	1	1
"mlaFEDCB"	5	0.334010242061861	0.309887418573847
"mlc"	1	1	1
"mlc-ynfK"	2	0.305357742303446	0.305357742303446
"mliC"	1	1	1
"mlrA"	1	1	1
"mltA"	1	1	1
"mltB"	1	1	1
"mltD"	1	1	1
"mltF"	1	1	1
"mmuPM"	2	0.334190907538387	0.334190907538387
"mnaT-ydcZ"	2	0.344455224622664	0.344455224622664
"mngAB"	2	0.132244707917561	0.132244707917561
"mngR"	1	1	1
"mnmA"	1	1	1
"mnmC"	1	1	1
"mnmE"	1	1	1
"mnmG-rsmG"	2	0.527579975500115	0.527579975500115
"mntH"	1	1	1
"mntP"	1	1	1
"mntR-ybiR"	2	0.305865119249159	0.305865119249159
"moaABCDE"	5	0.528969980224747	0.54224288089589
"moaBCDE"	4	0.584068186557356	0.569528639400706
"mobAB"	2	0.365293806023404	0.365293806023404
"mocA"	1	1	1
"modABC"	3	0.503259541338102	0.496566390394298
"modEF"	2	0.0999643814479702	0.0999643814479702
"moeAB"	2	0.422128908089763	0.422128908089763
"mog"	1	1	1
"mokB"	1	1	1
"mokC-hokC"	2	0.411711453065963	0.411711453065963
"molR_3-yehI"	1	1	1
"motAB-cheAW"	4	0.544639170319693	0.551706343647263
"mpaA"	1	1	1
"mpl"	1	1	1
"mppA"	1	1	1
"mprA-emrAB"	3	0.361553228347247	0.43154732535411
"mqo"	1	1	1
"mqsRA"	2	0.628891671053285	0.628891671053285
"mraZ-rsmH-ftsLI-murEF-mraY-murD-ftsW-murGC-ddlB-ftsQAZ-lpxC"	16	0.254157444735408	0.247643415822751
"mrcA"	1	1	1
"mrcB"	1	1	1
"mreB"	1	1	1
"mreBCD"	3	0.5610491214824	0.572109379813431
"mreCD"	2	0.572109379813431	0.572109379813431
"mrp"	1	1	1
"mrr"	1	1	1
"mscK"	1	1	1
"mscL"	1	1	1
"mscS"	1	1	1
"msrA"	1	1	1
"msrB"	1	1	1
"msrC"	1	1	1
"msyB"	1	1	1
"mtfA"	1	1	1
"mtlADR"	3	0.404898771772783	0.437731669960754
"mtn-btuF-yadS"	3	0.241613380735861	0.316131201777679
"mtr"	1	1	1
"mug"	1	1	1
"murA"	1	1	1
"murB-birA"	2	0.335860859284306	0.335860859284306
"murJ"	1	1	1
"murQP"	2	0.417506709011635	0.417506709011635
"murQP-yfeW"	3	0.351680143207646	0.344956506166983
"murR"	1	1	1
"mutH"	1	1	1
"mutL-miaA-hfq-hflXKC"	6	0.258871489621647	0.221949108232145
"mutM"	1	1	1
"mutS"	1	1	1
"mutY-yggX"	2	0.290377123101072	0.290377123101072
"mutY-yggX-mltC"	3	0.305861858836773	0.299488183229258
"mutY-yggX-mltC-nupG"	4	0.195520663096691	0.199980819535081
"nac"	1	1	1
"nadA-pnuC"	2	0.494420421650014	0.494420421650014
"nadB"	1	1	1
"nadC"	1	1	1
"nadE"	1	1	1
"nadK"	1	1	1
"nagA"	1	1	1
"nagBAC-umpH"	4	0.17707167373309	0.143072728550278
"nagC"	1	1	1
"nagE"	1	1	1
"nagK-cobB"	2	0.301530736736816	0.301530736736816
"nanA"	1	1	1
"nanATEK-yhcH"	5	0.377360699378428	0.38033195902311
"nanC"	1	1	1
"nanCM"	2	0.34153056420985	0.34153056420985
"nanCMS"	3	0.361699929021417	0.341292669891537
"nanR"	1	1	1
"nanS"	1	1	1
"napFDAGHBC"	7	0.422529936578855	0.411674026795893
"napFDAGHBC-ccmABCDEFGH"	15	0.329752923046021	0.336951867226575
"narGHJI"	4	0.516553657074108	0.517648143255855
"narK"	1	1	1
"narP"	1	1	1
"narQ"	1	1	1
"narU"	1	1	1
"narWV"	2	0.377667411811983	0.377667411811983
"narXL"	2	0.411433686082707	0.411433686082707
"narZYWV"	4	0.424142921643601	0.413587931057035
"ndh"	1	1	1
"ndk"	1	1	1
"nemA"	1	1	1
"nemR"	1	1	1
"nemRA"	2	0.267670972871981	0.267670972871981
"nemRA-gloA"	3	0.227988480716074	0.257948377783849
"nepI"	1	1	1
"nfo"	1	1	1
"nfrBA"	2	0.28674663850409	0.28674663850409
"nfsB"	1	1	1
"nfuA"	1	1	1
"nhaAR"	2	0.320001792148241	0.320001792148241
"nhaB"	1	1	1
"nhaR"	1	1	1
"nhoA"	1	1	1
"nikABCDER"	6	0.331680968283996	0.379021927284529
"nikR"	1	1	1
"nimR"	1	1	1
"nimT"	1	1	1
"nirBDC-cysG"	4	0.31720187417726	0.335201750225533
"nlpA"	1	1	1
"nlpC"	1	1	1
"nlpD-rpoS"	2	0.463526562131632	0.463526562131632
"nlpI"	1	1	1
"nmpC"	1	1	1
"nohA-ydfN-tfaQ"	3	0.251898566637692	0.237119194280495
"nohB"	1	1	1
"norR"	1	1	1
"norVW"	2	0.274518931859081	0.274518931859081
"nrdAB-yfaE"	3	0.54612973156844	0.567343974268627
"nrdDG"	2	0.601126969501366	0.601126969501366
"nrdG"	1	1	1
"nrdHIEF"	4	0.607992627115848	0.602561587195171
"nrdR-ribDE-nusB-thiL-pgpA"	6	0.215927251106126	0.189346446682313
"nrfABCDEFG"	7	0.358643229375408	0.354278868889024
"nsrR-rnr-rlmB-yjfI"	4	0.201480387413419	0.178118309342223
"nudB-yebC-ruvC"	3	0.503597377733801	0.487863677822774
"nudC-hemE-nfi"	3	0.276257665302537	0.214099440062464
"nudE"	1	1	1
"nudF-yqiB-cpdA-yqiA-parE"	5	0.197923874837588	0.194901688085065
"nudG"	1	1	1
"nudI"	1	1	1
"nudK"	1	1	1
"nuoABCEFGHIJKLMN"	13	0.598364274286374	0.616323413171665
"nuoMN"	2	0.635698837428716	0.635698837428716
"nupC"	1	1	1
"nupG"	1	1	1
"nupX"	1	1	1
"ogrK"	1	1	1
"ogt"	1	1	1
"ompA"	1	1	1
"ompC"	1	1	1
"ompF"	1	1	1
"ompG"	1	1	1
"ompL"	1	1	1
"ompN"	1	1	1
"ompR-envZ"	2	0.294477773767565	0.294477773767565
"ompT"	1	1	1
"ompW"	1	1	1
"ompX"	1	1	1
"opgB"	1	1	1
"opgC"	1	1	1
"opgD"	1	1	1
"opgE"	1	1	1
"opgGH"	2	0.379981481229181	0.379981481229181
"oppABCDF"	5	0.622128185267679	0.639455816309076
"orn"	1	1	1
"ortT"	1	1	1
"osmB"	1	1	1
"osmC"	1	1	1
"osmE"	1	1	1
"osmF-yehYXW"	4	0.441728550641158	0.448530691963402
"osmY"	1	1	1
"otsA"	1	1	1
"otsBA"	2	0.665084748325478	0.665084748325478
"oxc"	1	1	1
"oxyR"	1	1	1
"paaABCDEFGHIJK"	11	0.316574215034267	0.304368366768541
"paaXY"	2	0.469014117368238	0.469014117368238
"paaZ"	1	1	1
"pabA"	1	1	1
"pabB-nudL"	2	0.123754730707649	0.123754730707649
"pabC-mltG-tmk-holB-ycfH"	4	0.272013199133977	0.262150375772337
"pagP"	1	1	1
"panBC"	2	0.46788874207082	0.46788874207082
"panD"	1	1	1
"panE-yajL"	2	0.338201440971174	0.338201440971174
"panZ"	1	1	1
"paoABCD"	4	0.468300842146473	0.479239700202422
"parC"	1	1	1
"patA"	1	1	1
"patD"	1	1	1
"patZ"	1	1	1
"pbpG"	1	1	1
"pck"	1	1	1
"pcnB-folK"	2	0.477627124368027	0.477627124368027
"pdeA"	1	1	1
"pdeB"	1	1	1
"pdeC"	1	1	1
"pdeD"	1	1	1
"pdeF"	1	1	1
"pdeG"	1	1	1
"pdeH"	1	1	1
"pdeI-dgcI"	2	0.459113100793623	0.459113100793623
"pdeK"	1	1	1
"pdeL"	1	1	1
"pdeN"	1	1	1
"pdeR"	1	1	1
"pdhR-aceEF-lpd"	4	0.474537248192125	0.466118188102033
"pdxA-rsmA"	2	0.471696608048677	0.471696608048677
"pdxA-rsmA-apaGH"	4	0.416400880344602	0.395352431826365
"pdxB-usg-truA-dedA"	4	0.386791697262316	0.409259139208364
"pdxH-tyrS-pdxY"	3	0.392987850552185	0.387927634378776
"pdxJ-acpS"	2	0.332720227656113	0.332720227656113
"pdxK"	1	1	1
"pdxY"	1	1	1
"pepA"	1	1	1
"pepB"	1	1	1
"pepD"	1	1	1
"pepE"	1	1	1
"pepN"	1	1	1
"pepQ-yigZ-trkH-hemG"	4	0.246420004256823	0.239246143668109
"pepT"	1	1	1
"perR"	1	1	1
"pfkA"	1	1	1
"pfkB"	1	1	1
"pflA"	1	1	1
"pflB"	1	1	1
"pflDC"	2	0.230628526488552	0.230628526488552
"pgaABCD"	4	0.256345014770669	0.259150030245203
"pgi"	1	1	1
"pgk"	1	1	1
"pgk-fbaA"	2	0.571795018088607	0.571795018088607
"pgl"	1	1	1
"pgpB"	1	1	1
"pgpC-tadA"	2	0.161815065793614	0.161815065793614
"pgrR"	1	1	1
"pgsA"	1	1	1
"pheLA"	2	0.25752833626345	0.25752833626345
"pheM"	1	1	1
"pheMST-ihfA"	4	0.159036491669016	0.116899107609928
"pheP"	1	1	1
"phnCDE_1E_2FGHIJKLMNOP"	14	0.306715493319522	0.318974732547025
"phnLMNOP"	5	0.316266537492027	0.311347236730282
"phoA-psiF"	2	0.201946841752924	0.201946841752924
"phoBR"	2	0.563029439173109	0.563029439173109
"phoE"	1	1	1
"phoH"	1	1	1
"phoPQ"	2	0.448586686397714	0.448586686397714
"phoQ"	1	1	1
"phoU"	1	1	1
"phr"	1	1	1
"pinE"	1	1	1
"pinQ"	1	1	1
"pinR"	1	1	1
"pitA"	1	1	1
"pitB"	1	1	1
"plaP"	1	1	1
"pldA"	1	1	1
"pldB-yigL"	2	0.365388665838451	0.365388665838451
"pliG"	1	1	1
"plsB"	1	1	1
"plsC"	1	1	1
"plsX-fabHDG"	4	0.434947463522427	0.403439574879758
"pmbA"	1	1	1
"pmrD"	1	1	1
"pncB"	1	1	1
"pncC"	1	1	1
"pnp"	1	1	1
"pntAB"	2	0.614222776517467	0.614222776517467
"polA"	1	1	1
"polB"	1	1	1
"potABCD"	4	0.477313753676292	0.489885558276529
"potFGHI"	4	0.438106793626537	0.440053012168435
"poxB"	1	1	1
"poxB-ltaE-ybjT"	3	0.32984688887642	0.358561911063117
"ppa"	1	1	1
"ppc"	1	1	1
"ppdAB-ygdB-ppdC-recC"	5	0.217729541580104	0.25887672860018
"ppdD-hofBC"	3	0.287576180159213	0.292516909452254
"pphA"	1	1	1
"pphB"	1	1	1
"ppiA"	1	1	1
"ppiB-lpxH"	2	0.241918229176724	0.241918229176724
"ppiC"	1	1	1
"ppiD"	1	1	1
"ppk-ppx"	2	0.351237756412312	0.351237756412312
"pppA"	1	1	1
"ppsA"	1	1	1
"ppsR"	1	1	1
"pptA"	1	1	1
"pqiAB"	2	0.51606414722629	0.51606414722629
"pqqL"	1	1	1
"preTA"	2	0.534672654447226	0.534672654447226
"prfB-lysS"	2	0.494021479164559	0.494021479164559
"prfC"	1	1	1
"priA"	1	1	1
"priC-ybaM"	2	0.16532414309802	0.16532414309802
"prkB"	1	1	1
"prlC-rsmJ"	2	0.357448060990163	0.357448060990163
"prlF-yhaV"	2	0.505022535629506	0.505022535629506
"prmB-aroC-mepA-yfcA-epmC-yfcL"	6	0.28594854494063	0.272527421197373
"proBA"	2	0.519046348812714	0.519046348812714
"proC"	1	1	1
"proP"	1	1	1
"proQ-prc"	2	0.493040224138579	0.493040224138579
"proS"	1	1	1
"proVWX"	3	0.606957914395983	0.594856641901341
"prpBCDE"	4	0.471971761188059	0.449814411337574
"prpR"	1	1	1
"prs"	1	1	1
"psd-mscM"	2	0.282612613517095	0.282612613517095
"psiE"	1	1	1
"pspABCDE"	5	0.501827141531582	0.572261635092175
"pspBCDE"	4	0.468949641386159	0.463841386035909
"pspE"	1	1	1
"pspF"	1	1	1
"pspG"	1	1	1
"pssA"	1	1	1
"pstB-phoU"	2	0.544628776865793	0.544628776865793
"pstCAB-phoU"	4	0.498819326031757	0.494430778628799
"pstS"	1	1	1
"pstSCA"	3	0.587208205026961	0.589296003399804
"pstSCAB-phoU"	5	0.504643787319205	0.502758439327308
"psuKG"	2	0.448469283592744	0.448469283592744
"psuT"	1	1	1
"pta"	1	1	1
"pth-ychF"	2	0.457857402747393	0.457857402747393
"ptrA"	1	1	1
"ptrA-recBD"	3	0.349753487332635	0.325213242924424
"ptrB"	1	1	1
"ptsA-fsaB-gldA"	3	0.280824479052185	0.265237347294472
"ptsG"	1	1	1
"ptsHI-crr"	3	0.46760366316427	0.460640004728764
"purA"	1	1	1
"purC"	1	1	1
"purEK"	2	0.635376364865216	0.635376364865216
"purHD"	2	0.657905575134317	0.657905575134317
"purL"	1	1	1
"purMN"	2	0.686792678020619	0.686792678020619
"purR"	1	1	1
"purT"	1	1	1
"purU"	1	1	1
"putA"	1	1	1
"putP"	1	1	1
"puuAP"	2	0.43031521622124	0.43031521622124
"puuCBE"	3	0.520794080210785	0.517285879181652
"puuDRCBE"	5	0.438034887795563	0.425766532169953
"puuP"	1	1	1
"pykA"	1	1	1
"pykF"	1	1	1
"pyrC"	1	1	1
"pyrD"	1	1	1
"pyrF-yciH"	2	0.488605039767117	0.488605039767117
"pyrG-eno"	2	0.272576397740335	0.272576397740335
"pyrH"	1	1	1
"pyrLBI"	3	0.520504894714283	0.408496193146826
"qmcA-ybbJ"	2	0.393259532980843	0.393259532980843
"qor"	1	1	1
"qseBC"	2	0.35797328135628	0.35797328135628
"queA"	1	1	1
"queC"	1	1	1
"queD"	1	1	1
"queE"	1	1	1
"queF"	1	1	1
"queG"	1	1	1
"racC"	1	1	1
"racR"	1	1	1
"radA-nadR"	2	0.224305839681619	0.224305839681619
"radD"	1	1	1
"raiA"	1	1	1
"rapA"	1	1	1
"rapA-rluA"	2	0.496999776908865	0.496999776908865
"rarD"	1	1	1
"ratAB"	2	0.541814028919393	0.541814028919393
"ravA-viaA"	2	0.47147611321034	0.47147611321034
"rayT"	1	1	1
"rbn"	1	1	1
"rbsDACBKR"	6	0.4595343175891	0.484390345337789
"rcdA"	1	1	1
"rclABC"	3	0.228227553093931	0.133551452710728
"rclBC"	2	0.455500589504229	0.455500589504229
"rclR"	1	1	1
"rcnAB"	2	0.0748479403614489	0.0748479403614489
"rcnB"	1	1	1
"rcnR"	1	1	1
"rcsA"	1	1	1
"rcsB"	1	1	1
"rcsC"	1	1	1
"rcsDB"	2	0.276287905717912	0.276287905717912
"rcsF-trmO"	2	0.183080717379558	0.183080717379558
"rdgB-yggW"	2	0.412970851598989	0.412970851598989
"rdgC"	1	1	1
"rdoA-dsbA"	2	0.3299576952083	0.3299576952083
"recA"	1	1	1
"recAX"	2	0.347020738083829	0.347020738083829
"recC"	1	1	1
"recET-ralR-ydaC-xisR-intR"	5	0.290104131038084	0.263793197732981
"recF"	1	1	1
"recG"	1	1	1
"recN"	1	1	1
"recQ"	1	1	1
"relA"	1	1	1
"relA-mazEF"	3	0.353435529755445	0.324572836829122
"relBE"	2	0.583135063191495	0.583135063191495
"relBE-hokD"	3	0.398616321716143	0.313535193003475
"rem"	1	1	1
"renD-emrE"	2	0.212399344749408	0.212399344749408
"rep"	1	1	1
"rfaD-waaFCL"	4	0.343297431864791	0.374598162048215
"rfaE"	1	1	1
"rfaH"	1	1	1
"rfbACX"	3	0.661315698566437	0.695625860396408
"rfbBDACX"	5	0.617814005469218	0.605261191955256
"rfe-wzzE-wecBC-rffGHC-wecE-wzxE-rffT-wzyE-rffM"	12	0.351043025771616	0.32679294023299
"rhaBAD"	3	0.358834527309107	0.316359362737663
"rhaD"	1	1	1
"rhaM"	1	1	1
"rhaSR"	2	0.361706901723111	0.361706901723111
"rhaT"	1	1	1
"rhlB"	1	1	1
"rhlE"	1	1	1
"rhoL-rho"	1	1	1
"rhsA-yibA"	2	0.254064692746355	0.254064692746355
"rhsB"	1	1	1
"rhsC-ybfB"	2	0.316937411491807	0.316937411491807
"rhsD-ybbC-ylbH-ybbD"	3	0.358218582872965	0.377364609856685
"rhsE-ydcD"	1	1	1
"rhtA"	1	1	1
"rhtB"	1	1	1
"rhtC"	1	1	1
"ribA"	1	1	1
"ribC"	1	1	1
"ribE-nusB-thiL-pgpA"	4	0.251322361576116	0.238003601094199
"ribF-ileS-lspA-fkpB-ispH"	5	0.388687936234989	0.382230367689559
"ridA"	1	1	1
"rihA"	1	1	1
"rihB"	1	1	1
"rihC"	1	1	1
"rimJ"	1	1	1
"rimK-ybjN"	2	0.189822833709085	0.189822833709085
"rimL"	1	1	1
"rimO"	1	1	1
"rimP-nusA-infB"	3	0.562114007089155	0.566681973559556
"rirA-waaQGPSBOJYZU"	10	0.510147200031746	0.534979030055088
"rlmA"	1	1	1
"rlmD"	1	1	1
"rlmE-ftsH"	2	0.471561543147741	0.471561543147741
"rlmF"	1	1	1
"rlmG"	1	1	1
"rlmI"	1	1	1
"rlmJ"	1	1	1
"rlmL-uup"	2	0.395467202570209	0.395467202570209
"rlmM"	1	1	1
"rlmN"	1	1	1
"rluB"	1	1	1
"rluC"	1	1	1
"rluD-yfiH"	2	0.307281301364207	0.307281301364207
"rluE-nudJ"	2	0.567529363446083	0.567529363446083
"rluF"	1	1	1
"rmf"	1	1	1
"rmuC"	1	1	1
"rna"	1	1	1
"rnb"	1	1	1
"rnc-era"	2	0.433917717255508	0.433917717255508
"rnc-era-recO-pdxJ-acpS"	5	0.199498976207241	0.124951254019195
"rnd"	1	1	1
"rne"	1	1	1
"rnhA"	1	1	1
"rnk"	1	1	1
"rnlA"	1	1	1
"rnlAB"	2	0.290212725268198	0.290212725268198
"rnlB"	1	1	1
"rnt-lhr"	2	0.119122780081519	0.119122780081519
"rob"	1	1	1
"rodZ"	1	1	1
"roxA"	1	1	1
"rpe-gph-trpS"	3	0.441436242321362	0.458104818509677
"rph"	1	1	1
"rph-pyrE"	2	0.376791715820705	0.376791715820705
"rpiA"	1	1	1
"rpiB"	1	1	1
"rpiR-alsBACE"	5	0.311148086274301	0.336433450523887
"rplJL-rpoBC"	4	0.388793158043167	0.288007652062267
"rplKAJL-rpoBC"	6	0.401928724002212	0.354773184658132
"rplL"	1	1	1
"rplM-rpsI"	2	0.658456530836684	0.658456530836684
"rplNXE-rpsNH-rplFR-rpsE-rpmD-rplO-secY-rpmJ"	12	0.540091429516313	0.541414378328229
"rplT"	1	1	1
"rplT-pheM"	2	0.207755504988645	0.207755504988645
"rplU-rpmA"	2	0.621016015796221	0.621016015796221
"rplU-rpmA-yhbE-obgE"	4	0.400920910615147	0.351218027189937
"rplY"	1	1	1
"rpmBG"	2	0.718552536232464	0.718552536232464
"rpmBG-mutM"	3	0.417932350753004	0.277704504082455
"rpmE"	1	1	1
"rpmF-plsX-fabHDG"	5	0.395121959485233	0.355650751104863
"rpmH-rnpA"	2	0.764771203282266	0.764771203282266
"rpmI-rplT"	2	0.644112499740144	0.644112499740144
"rpoBC"	2	0.615723125453451	0.615723125453451
"rpoD"	1	1	1
"rpoE-rseABC"	4	0.388606492988318	0.373178867111538
"rpoH"	1	1	1
"rpoN-hpf-ptsN-rapZ-npr"	5	0.385266871582302	0.382882908834793
"rpoS"	1	1	1
"rpoZ-spoT-trmH-recG"	4	0.36970672275041	0.366089797477525
"rppH-ptsP"	2	0.256637748490583	0.256637748490583
"rpsA-ihfB"	2	0.133160962698454	0.133160962698454
"rpsF-priB-rpsR-rplI"	4	0.688320705788534	0.70508825005695
"rpsI"	1	1	1
"rpsJ-rplCDWB-rpsS-rplV-rpsC-rplP-rpmC-rpsQ"	11	0.644994189045926	0.64812391040044
"rpsLG-fusA-tufA"	4	0.439037057740348	0.457672370021784
"rpsMKD-rpoA-rplQ"	5	0.564789813404775	0.58486761845146
"rpsO"	1	1	1
"rpsO-pnp"	2	0.296960893102678	0.296960893102678
"rpsP-rimM-trmD-rplS"	4	0.577185379410328	0.602374223652962
"rpsT"	1	1	1
"rpsU"	1	1	1
"rpsU-dnaG-rpoD"	3	0.219837675928619	0.254640545201275
"rraA"	1	1	1
"rraB"	1	1	1
"rsd"	1	1	1
"rseABC"	3	0.372629269860186	0.405555374695285
"rseP"	1	1	1
"rsfS-rlmH-mrdAB-rlpA"	5	0.345624510762543	0.289129293294015
"rsgA"	1	1	1
"rsmA-apaGH"	3	0.434729356765253	0.419668746555731
"rsmB"	1	1	1
"rsmC"	1	1	1
"rsmD-yhhL"	2	0.397337593750436	0.397337593750436
"rsmE-gshB"	2	0.414835525329602	0.414835525329602
"rsmF"	1	1	1
"rsmG"	1	1	1
"rsmH-ftsLI-murEF-mraY-murD-ftsW-murGC-ddlB-ftsQAZ-lpxC"	15	0.266257731673032	0.261301622841441
"rsmI"	1	1	1
"rspAB"	2	0.338555443977326	0.338555443977326
"rssAB"	2	0.460542052443287	0.460542052443287
"rssB"	1	1	1
"rstAB"	2	0.555286818230305	0.555286818230305
"rsuA"	1	1	1
"rsxABCDGE-nth"	7	0.503456066740474	0.513162153456286
"rtcBA"	2	0.303510067160247	0.303510067160247
"rtcR"	1	1	1
"rutABCDEFG"	7	0.251371677674613	0.248182768466598
"rutR"	1	1	1
"ruvAB"	2	0.344876958027282	0.344876958027282
"ruvC"	1	1	1
"rybA-mntS"	1	1	1
"rzoD"	1	1	1
"rzoR"	1	1	1
"sad"	1	1	1
"safA-ydeO"	2	0.248619996966368	0.248619996966368
"sanA-yeiS"	2	0.396802620330835	0.396802620330835
"sapABCDF"	5	0.369842307754849	0.36073583749198
"satP"	1	1	1
"sbcB"	1	1	1
"sbcDC"	2	0.297411742788714	0.297411742788714
"sbmA-yaiW"	2	0.374314397232276	0.374314397232276
"sbmC"	1	1	1
"sbp"	1	1	1
"scpA-argK-scpBC"	4	0.243712215418087	0.238948517837588
"sdaA"	1	1	1
"sdaCB"	2	0.643561028316275	0.643561028316275
"sdhCDAB-sucABCD"	8	0.72174014855874	0.710732474971025
"sdhDAB"	3	0.818436721402388	0.814226340841398
"sdhE-cptA"	2	0.431107126634579	0.431107126634579
"sdiA"	1	1	1
"secB-gpsA"	2	0.418319460054213	0.418319460054213
"secE-nusG"	2	0.592318338991414	0.592318338991414
"secG"	1	1	1
"secG-leuU"	1	1	1
"secMA-mutT"	3	0.313408098845032	0.328817160302661
"selAB"	2	0.440713876753432	0.440713876753432
"selD-topB"	2	0.277516398621922	0.277516398621922
"seqA-pgm"	2	0.394658450193711	0.394658450193711
"serA"	1	1	1
"serB"	1	1	1
"serB-radA"	2	0.448551019178133	0.448551019178133
"serC"	1	1	1
"serC-aroA"	2	0.582555651702268	0.582555651702268
"serS"	1	1	1
"setB"	1	1	1
"setC"	1	1	1
"sfmA"	1	1	1
"sfmCD"	2	0.185297994215183	0.185297994215183
"sfmHF"	2	0.402850075507459	0.402850075507459
"sfsA-dksA"	2	0.408183194711504	0.408183194711504
"sfsB"	1	1	1
"sgcXBCQAER"	7	0.502362621566296	0.478776926770759
"sgrR-sroA-tbpA-thiPQ"	4	0.250744625643443	0.222020725442349
"sgrST-setA"	2	0.0562869859121579	0.0562869859121579
"shiA"	1	1	1
"shoB"	1	1	1
"sieB"	1	1	1
"sixA"	1	1	1
"skp-lpxD-fabZ-lpxA"	4	0.360566790732807	0.396702743480705
"slp-dctR"	2	0.483427151384191	0.483427151384191
"slt"	1	1	1
"slyA"	1	1	1
"slyB"	1	1	1
"slyD"	1	1	1
"slyX"	1	1	1
"smf"	1	1	1
"smg"	1	1	1
"smpB"	1	1	1
"smrA"	1	1	1
"smrB"	1	1	1
"sodA"	1	1	1
"sodB"	1	1	1
"sodC"	1	1	1
"sohB"	1	1	1
"solA-yceO"	2	0.11359949974609	0.11359949974609
"soxR"	1	1	1
"soxS"	1	1	1
"speAB"	2	0.391934460142392	0.391934460142392
"speB"	1	1	1
"speC"	1	1	1
"speF-potE"	2	0.13473722641127	0.13473722641127
"sppA"	1	1	1
"spy"	1	1	1
"sra"	1	1	1
"srlAEBD-gutM-srlR-gutQ"	7	0.476901606074765	0.482989547177749
"srlR"	1	1	1
"srmB"	1	1	1
"sroG-ribB"	1	1	1
"ssb"	1	1	1
"sseA"	1	1	1
"sseB"	1	1	1
"ssnA"	1	1	1
"sspAB"	2	0.529130908483563	0.529130908483563
"ssrS-fau"	1	1	1
"sstT"	1	1	1
"ssuEADCB"	5	0.227742009019788	0.248762318044136
"stfE-tfaE"	2	0.304381868570804	0.304381868570804
"sthA"	1	1	1
"stpA"	1	1	1
"sucAB"	2	0.838909556755374	0.838909556755374
"sucABCD"	4	0.80878560473173	0.821812582727245
"sufABCDSE"	6	0.680700301231215	0.685881940684252
"sugE"	1	1	1
"suhB"	1	1	1
"sulA"	1	1	1
"surA-pdxA-rsmA-apaGH"	5	0.340491183712384	0.357815546268021
"sutR"	1	1	1
"sxy"	1	1	1
"syd"	1	1	1
"symE"	1	1	1
"tabA"	1	1	1
"tag-yiaC"	2	0.437393431606408	0.437393431606408
"talA"	1	1	1
"talA-tktB"	2	0.718216370095005	0.718216370095005
"talB"	1	1	1
"tam"	1	1	1
"tamAB-ytfP"	3	0.183480977299824	0.165958481158567
"tar-tap-cheRBYZ"	6	0.524141274570126	0.528934247334267
"tas"	1	1	1
"tatABC"	3	0.335260382624663	0.355553806405345
"tatABCD"	4	0.347938980553538	0.333401587772286
"tatD"	1	1	1
"tatE"	1	1	1
"tauABCD"	4	0.389224047547094	0.375531125269931
"tcdA"	1	1	1
"tcyJ"	1	1	1
"tcyP"	1	1	1
"tdcABCDEFG"	7	0.386756374330085	0.391432634673683
"tdcBCDEFG"	6	0.417134716979746	0.408780889983882
"tdcR"	1	1	1
"tdk"	1	1	1
"tehAB"	2	0.27269070506361	0.27269070506361
"tesA-ybbO"	2	0.512611579644181	0.512611579644181
"tesB"	1	1	1
"tfaD"	1	1	1
"tfaX"	1	1	1
"tff-rpsB-tsf"	2	0.561411825941621	0.561411825941621
"tgt-yajC"	2	0.454728016118511	0.454728016118511
"thiCEFSGH"	6	0.606625230894053	0.639963661142577
"thiI"	1	1	1
"thiMD"	2	0.485684008143119	0.485684008143119
"thpR"	1	1	1
"thrL"	1	1	1
"thrLABC"	4	0.452218779033485	0.441788423208547
"thrS-infC"	2	0.272258949790218	0.272258949790218
"thrS-infC-rpmI-rplT-pheMST-ihfA"	8	0.177277799087814	0.12046875708865
"thrU-tyrU-glyT-thrT-tufB"	1	1	1
"thyA"	1	1	1
"tig"	1	1	1
"tilS"	1	1	1
"tisB"	1	1	1
"tktA"	1	1	1
"tktB"	1	1	1
"tldD"	1	1	1
"tnaC"	1	1	1
"tnaCAB"	3	0.553978001288524	0.578171773865314
"tolB-pal-cpoB"	3	0.437997542541194	0.43335112948361
"tolC-ygiABC"	3	0.268764032138128	0.229755384685606
"tomB-hha"	2	0.620273491933522	0.620273491933522
"tonB"	1	1	1
"topA"	1	1	1
"topAI-yjhQ"	1	1	1
"torCAD"	3	0.284832740573992	0.310996452261985
"torI"	1	1	1
"torR"	1	1	1
"torS"	1	1	1
"torT"	1	1	1
"torYZ"	2	0.234941362682963	0.234941362682963
"tpiA"	1	1	1
"tpx"	1	1	1
"tqsA"	1	1	1
"treA"	1	1	1
"treBC"	2	0.677471296344311	0.677471296344311
"treF"	1	1	1
"treR"	1	1	1
"trg"	1	1	1
"trkA"	1	1	1
"trkG"	1	1	1
"trmA"	1	1	1
"trmI-yggL"	2	0.436656172299939	0.436656172299939
"trmJ"	1	1	1
"trmL"	1	1	1
"trpCBA"	3	0.64581082652231	0.632971926139423
"trpL"	1	1	1
"trpLEDCBA"	6	0.482712990396913	0.494099569112272
"trpR"	1	1	1
"trpS"	1	1	1
"truD"	1	1	1
"trxA"	1	1	1
"trxB"	1	1	1
"trxC"	1	1	1
"tsaB-yeaY"	2	0.356627839384375	0.356627839384375
"tsaD"	1	1	1
"tsaE-amiB-mutL-miaA-hfq-hflXKC"	8	0.205661061931734	0.168554077289191
"tsgA"	1	1	1
"tsr"	1	1	1
"tsx"	1	1	1
"ttcA"	1	1	1
"ttdABT"	3	0.293314064302028	0.286814992876861
"ttdR"	1	1	1
"tufA"	1	1	1
"tus"	1	1	1
"tusA"	1	1	1
"tusE"	1	1	1
"tynA"	1	1	1
"tyrB"	1	1	1
"tyrP"	1	1	1
"tyrR"	1	1	1
"tyrS-pdxY"	2	0.450694643507245	0.450694643507245
"tyrTV-tpr"	1	1	1
"tyrV-tpr"	1	1	1
"uacT"	1	1	1
"ubiCA"	2	0.425361099753331	0.425361099753331
"ubiD"	1	1	1
"ubiEJB"	3	0.386460153006661	0.401508080366651
"ubiF"	1	1	1
"ubiG"	1	1	1
"ubiX"	1	1	1
"ucpA"	1	1	1
"udk-dcd"	2	0.0667133804352195	0.0667133804352195
"udp"	1	1	1
"ugd"	1	1	1
"ugpBAECQ"	5	0.39655621454201	0.410188946488927
"uhpABC"	3	0.364776383668857	0.353756771806535
"uhpT"	1	1	1
"uidABC"	3	0.300436549600397	0.281564878364345
"uidR"	1	1	1
"ulaABCDEF"	6	0.301131800036953	0.304282848660318
"ulaG"	1	1	1
"ulaR"	1	1	1
"umpG-pcm"	2	0.372865328901822	0.372865328901822
"umpH"	1	1	1
"umuDC"	2	0.420222692185319	0.420222692185319
"ung"	1	1	1
"uof-fur"	2	0.457482561486656	0.457482561486656
"upp-uraA"	2	0.575317804112611	0.575317804112611
"usg-truA-dedA"	3	0.422803374781711	0.430342137522352
"ushA"	1	1	1
"uspA"	1	1	1
"uspB"	1	1	1
"uspC"	1	1	1
"uspE"	1	1	1
"uspF"	1	1	1
"uspG"	1	1	1
"uvrA"	1	1	1
"uvrB"	1	1	1
"uvrC"	1	1	1
"uvrD"	1	1	1
"uvrYC"	2	0.306011021296844	0.306011021296844
"uxaB"	1	1	1
"uxaCA"	2	0.548643772309538	0.548643772309538
"uxuAB"	2	0.565801660385313	0.565801660385313
"uxuR"	1	1	1
"valS"	1	1	1
"ves"	1	1	1
"waaA"	1	1	1
"waaA-coaD"	2	0.38129096496216	0.38129096496216
"waaH"	1	1	1
"waaQGPSBOJYZU"	10	0.510147200031746	0.534979030055088
"waaYZ"	2	0.624931929225904	0.624931929225904
"waaZU"	2	0.659496412666035	0.659496412666035
"wbbIJK"	3	0.723419597047961	0.721519150899158
"wcaCDEF-gmd-fcl-gmm-wcaI-cpsBG-wcaJ-wzxC"	12	0.298533639601991	0.298254751964309
"wcaKLM"	3	0.211152550469007	0.193102552838291
"wecH"	1	1	1
"wrbA-yccJ"	2	0.815293595851553	0.815293595851553
"wza-wzb-wzc"	3	0.288100475736557	0.280201228366322
"wza-wzb-wzc-wcaAB"	5	0.266534029081054	0.278383534115045
"wzzB"	1	1	1
"xanP"	1	1	1
"xanQ-guaD-ghxQ"	3	0.272030247452067	0.291491911227138
"xapAB"	2	0.0577012632373762	0.0577012632373762
"xapR"	1	1	1
"xdhABC"	3	0.333220857596664	0.315061869781284
"xerD"	1	1	1
"xerD-dsbC-recJ"	3	0.307198815685856	0.302015447802498
"xseA"	1	1	1
"xseB-ispA-dxs-yajO"	4	0.248348651878665	0.239041235861566
"xthA"	1	1	1
"xylAB"	2	0.471052833220136	0.471052833220136
"xylE"	1	1	1
"xylFGHR"	4	0.311300908426903	0.305105301823952
"xylR"	1	1	1
"yaaA"	1	1	1
"yaaI"	1	1	1
"yaaJ"	1	1	1
"yaaU"	1	1	1
"yaaW"	1	1	1
"yaaX"	1	1	1
"yabI"	1	1	1
"yacC-speED"	3	0.311379927770594	0.127447714283375
"yacG"	1	1	1
"yacH"	1	1	1
"yacL"	1	1	1
"yadC"	1	1	1
"yadD"	1	1	1
"yadE"	1	1	1
"yadGH"	2	0.45646832171075	0.45646832171075
"yadI"	1	1	1
"yadMLKC"	4	0.39258990697246	0.381094658228774
"yadN"	1	1	1
"yadV-htrE"	2	0.390692869989853	0.390692869989853
"yaeF"	1	1	1
"yaeH"	1	1	1
"yaeI"	1	1	1
"yaeP-rof"	2	0.510296696779563	0.510296696779563
"yaeQ-arfB-nlpE"	3	0.249227086686318	0.220197808631823
"yaeR"	1	1	1
"yafC"	1	1	1
"yafDE"	2	0.320501492866295	0.320501492866295
"yafJ"	1	1	1
"yafK"	1	1	1
"yafL"	1	1	1
"yafNOP"	3	0.373446894678349	0.38132676474957
"yafS"	1	1	1
"yafT"	1	1	1
"yafU"	1	1	1
"yafV"	1	1	1
"yafY-ykfBF-yafX-ykfGH-yafW-ykfI"	8	0.339443105149688	0.32720153266452
"yafZ"	1	1	1
"yagAB-insX"	2	0.0831863819730742	0.0831863819730742
"yagEF"	2	0.478771534011532	0.478771534011532
"yagGH"	2	0.433446317052566	0.433446317052566
"yagI"	1	1	1
"yagJ"	1	1	1
"yagK"	1	1	1
"yagML"	2	0.420587799731917	0.420587799731917
"yagN"	1	1	1
"yagU"	1	1	1
"yahB"	1	1	1
"yahC"	1	1	1
"yahDEFG"	4	0.291807126428476	0.320442096522901
"yahE"	1	1	1
"yahIJ"	2	0.176488777821091	0.176488777821091
"yahK"	1	1	1
"yahL"	1	1	1
"yahM"	1	1	1
"yahN"	1	1	1
"yahO"	1	1	1
"yaiA-aroM"	2	0.342847883511155	0.342847883511155
"yaiE"	1	1	1
"yaiI"	1	1	1
"yaiL"	1	1	1
"yaiP"	1	1	1
"yaiS"	1	1	1
"yaiV"	1	1	1
"yaiXO"	1	1	1
"yaiY"	1	1	1
"yaiZ"	1	1	1
"yajC-secDF"	3	0.404690569039832	0.407561723180877
"yajD"	1	1	1
"yajG"	1	1	1
"yajG-ampG"	2	0.404183996190984	0.404183996190984
"yajI"	1	1	1
"yajO"	1	1	1
"yajQ"	1	1	1
"yajR"	1	1	1
"ybaA"	1	1	1
"ybaB-recR"	2	0.577670121562086	0.577670121562086
"ybaE"	1	1	1
"ybaK"	1	1	1
"ybaL"	1	1	1
"ybaN"	1	1	1
"ybaP"	1	1	1
"ybaQ"	1	1	1
"ybaST"	2	0.599119765461427	0.599119765461427
"ybaV"	1	1	1
"ybaY"	1	1	1
"ybbAP"	2	0.289623688261033	0.289623688261033
"ybbN"	1	1	1
"ybbY-glxK"	2	0.161085450525817	0.161085450525817
"ybcC"	1	1	1
"ybcH"	1	1	1
"ybcI"	1	1	1
"ybcK"	1	1	1
"ybcLM"	2	0.375696439476361	0.375696439476361
"ybcN-ninE-ybcO-rusA-ylcG"	5	0.303112053069217	0.298175341325412
"ybcQ"	1	1	1
"ybcV"	1	1	1
"ybcW"	1	1	1
"ybcY"	1	1	1
"ybdD"	1	1	1
"ybdF"	1	1	1
"ybdG"	1	1	1
"ybdH"	1	1	1
"ybdJ"	1	1	1
"ybdK"	1	1	1
"ybdL"	1	1	1
"ybdM"	1	1	1
"ybdN"	1	1	1
"ybdO"	1	1	1
"ybdR"	1	1	1
"ybeD"	1	1	1
"ybeD-lipB"	2	0.249495544400226	0.249495544400226
"ybeF"	1	1	1
"ybeL"	1	1	1
"ybeQ"	1	1	1
"ybeR-djlB"	2	0.241616843808233	0.241616843808233
"ybeT"	1	1	1
"ybeU-djlC"	2	0.348287901702883	0.348287901702883
"ybeX-lnt"	2	0.348822697731951	0.348822697731951
"ybeZY"	2	0.570591526730564	0.570591526730564
"ybeZYX-lnt"	4	0.351737143335165	0.391555452939814
"ybfA"	1	1	1
"ybfD"	1	1	1
"ybfE"	1	1	1
"ybfF"	1	1	1
"ybfL"	1	1	1
"ybfN"	1	1	1
"ybfOC"	1	1	1
"ybfP"	1	1	1
"ybfQ"	1	1	1
"ybgA-phr"	2	0.492098450452553	0.492098450452553
"ybgC-tolQRA"	4	0.52938758228618	0.545521684355459
"ybgD"	1	1	1
"ybgIJKL-nei"	5	0.350002251459148	0.379832702326428
"ybgQPO"	3	0.206557185631522	0.205225278609668
"ybgS"	1	1	1
"ybhA"	1	1	1
"ybhB"	1	1	1
"ybhC"	1	1	1
"ybhD"	1	1	1
"ybhH"	1	1	1
"ybhI"	1	1	1
"ybhJ"	1	1	1
"ybhK"	1	1	1
"ybhL"	1	1	1
"ybhM"	1	1	1
"ybhP-clsB-ybhN"	3	0.443736706859872	0.479823294602608
"ybhQ"	1	1	1
"ybiA"	1	1	1
"ybiB"	1	1	1
"ybiC"	1	1	1
"ybiI"	1	1	1
"ybiJ"	1	1	1
"ybiO"	1	1	1
"ybiT"	1	1	1
"ybiU"	1	1	1
"ybiV"	1	1	1
"ybiX"	1	1	1
"ybiYW"	2	0.156801123036414	0.156801123036414
"ybjC-nfsA-rimK-ybjN"	4	0.306937464107007	0.292645200912854
"ybjD"	1	1	1
"ybjG"	1	1	1
"ybjH"	1	1	1
"ybjJI"	2	0.334463674286325	0.334463674286325
"ybjL"	1	1	1
"ybjM"	1	1	1
"ybjN"	1	1	1
"ybjO-rlmC"	2	0.258600401918425	0.258600401918425
"ybjP"	1	1	1
"ybjQ-amiD"	2	0.54802504818462	0.54802504818462
"ybjS"	1	1	1
"ybjX"	1	1	1
"ycaC"	1	1	1
"ycaD"	1	1	1
"ycaI-msbA-lpxK-ycaQ"	4	0.212596233876763	0.196103087250456
"ycaK"	1	1	1
"ycaL"	1	1	1
"ycaM"	1	1	1
"ycaN"	1	1	1
"ycaO"	1	1	1
"ycaP"	1	1	1
"ycaR-kdsB"	2	0.324614972638562	0.324614972638562
"ycbJ"	1	1	1
"ycbK-gloC"	2	0.566896461976093	0.566896461976093
"ycbX"	1	1	1
"ycbZ"	1	1	1
"yccA"	1	1	1
"yccE"	1	1	1
"yccFS"	2	0.367531385515691	0.367531385515691
"yccM"	1	1	1
"yccT"	1	1	1
"yccU"	1	1	1
"yccX"	1	1	1
"ycdXY"	2	0.478952167586581	0.478952167586581
"ycdZ"	1	1	1
"yceA"	1	1	1
"yceB"	1	1	1
"yceD-rpmF"	2	0.598767986141294	0.598767986141294
"yceF"	1	1	1
"yceH"	1	1	1
"yceI"	1	1	1
"yceJI"	2	0.415521300742454	0.415521300742454
"yceK"	1	1	1
"yceM"	1	1	1
"yceQ"	1	1	1
"ycfJ"	1	1	1
"ycfT"	1	1	1
"ycgB"	1	1	1
"ycgJ"	1	1	1
"ycgL"	1	1	1
"ycgM"	1	1	1
"ycgN"	1	1	1
"ycgR"	1	1	1
"ycgV"	1	1	1
"ycgX"	1	1	1
"ycgY"	1	1	1
"ycgZ"	1	1	1
"ycgZ-ymgA-ariR-ymgC"	4	0.5543551912826	0.56854247364051
"ychE"	1	1	1
"ychE_2-yhcF"	1	1	1
"ychF"	1	1	1
"ychH"	1	1	1
"ychJ"	1	1	1
"ychN"	1	1	1
"ychO"	1	1	1
"ychQA-kdsA"	3	0.298932362639277	0.310766926389615
"yciA"	1	1	1
"yciCB"	2	0.556800222538061	0.556800222538061
"yciE"	1	1	1
"yciG"	1	1	1
"yciGFE"	3	0.556296782717802	0.582893617585298
"yciI"	1	1	1
"yciK-btuR"	2	0.466998241298277	0.466998241298277
"yciN"	1	1	1
"yciT"	1	1	1
"yciVOQ"	3	0.215121891934931	0.226879590929363
"yciW"	1	1	1
"yciY"	1	1	1
"yciZT"	2	0.523447629770354	0.523447629770354
"ycjD"	1	1	1
"ycjG"	1	1	1
"ycjMNOPQRSTUV-ymjB"	10	0.245390491239832	0.250660017037838
"ycjW"	1	1	1
"ycjXF"	2	0.548969409715752	0.548969409715752
"ycjXF-tyrR"	3	0.339697070825717	0.280628218340508
"ycjY"	1	1	1
"ycjY-ymjDC-mpaA"	4	0.251060128602892	0.234618087487999
"ydaGF"	2	0.305202780438354	0.305202780438354
"ydaN"	1	1	1
"ydaSTUVW-rzpR"	6	0.234545511238587	0.230185791416516
"ydbC"	1	1	1
"ydbD"	1	1	1
"ydbH-ynbE-ydbL"	3	0.301617727359034	0.249245224107151
"ydbJ"	1	1	1
"ydbK"	1	1	1
"ydbK-ompN"	2	0.0585756522875919	0.0585756522875919
"ydcA"	1	1	1
"ydcC"	1	1	1
"ydcF"	1	1	1
"ydcH"	1	1	1
"ydcI"	1	1	1
"ydcJ"	1	1	1
"ydcK"	1	1	1
"ydcL"	1	1	1
"ydcM"	1	1	1
"ydcO"	1	1	1
"ydcP"	1	1	1
"ydcR"	1	1	1
"ydcSTUV-patD"	5	0.515579037846118	0.510211711709594
"ydcY"	1	1	1
"yddAB"	2	0.452761636010519	0.452761636010519
"yddE"	1	1	1
"yddG"	1	1	1
"yddH"	1	1	1
"yddLKJ"	2	0.258239301414032	0.258239301414032
"yddM"	1	1	1
"yddW"	1	1	1
"ydeA"	1	1	1
"ydeE"	1	1	1
"ydeI"	1	1	1
"ydeJ"	1	1	1
"ydeM"	1	1	1
"ydeN"	1	1	1
"ydeNM"	2	0.364589066282196	0.364589066282196
"ydeO"	1	1	1
"ydeP"	1	1	1
"ydeQ"	1	1	1
"ydeTSR"	3	0.384725989729273	0.372013707185179
"ydfABC"	3	0.326962478201876	0.311514591590132
"ydfG"	1	1	1
"ydfH"	1	1	1
"ydfI"	1	1	1
"ydfK"	1	1	1
"ydfUT"	2	0.22114021239769	0.22114021239769
"ydfV"	1	1	1
"ydfZ"	1	1	1
"ydgA"	1	1	1
"ydgC"	1	1	1
"ydgD"	1	1	1
"ydgH"	1	1	1
"ydgI-folM"	2	0.252778733903684	0.252778733903684
"ydgJ"	1	1	1
"ydgK-rsxABCDGE-nth"	8	0.47743296833327	0.47828298184007
"ydhB"	1	1	1
"ydhC"	1	1	1
"ydhF"	1	1	1
"ydhIJK"	3	0.334490502578058	0.375898893974308
"ydhL"	1	1	1
"ydhP"	1	1	1
"ydhQ"	1	1	1
"ydhR"	1	1	1
"ydhS"	1	1	1
"ydhXUT"	3	0.321917884729549	0.319476783161943
"ydhYVW"	3	0.455736585644455	0.457840726253285
"ydhYVWXUT"	6	0.35641077232777	0.371184505744084
"ydhZ"	1	1	1
"ydiE"	1	1	1
"ydiFO"	2	0.250030685991378	0.250030685991378
"ydiJ-menI-ydiH"	3	0.265647716728065	0.177049162612659
"ydiK"	1	1	1
"ydiL"	1	1	1
"ydiM"	1	1	1
"ydiNB-aroD"	3	0.0924110397349104	0.130837467990081
"ydiP"	1	1	1
"ydiQRST-fadK"	5	0.194051792385765	0.182515644523784
"ydiU"	1	1	1
"ydiV"	1	1	1
"ydiY"	1	1	1
"ydiZ"	1	1	1
"ydjA-selD-topB"	3	0.283186763874506	0.277516398621922
"ydjE"	1	1	1
"ydjF"	1	1	1
"ydjLKJIHG"	6	0.355955317923246	0.361233022897928
"ydjM"	1	1	1
"ydjO"	1	1	1
"ydjXYZ-ynjABCD"	7	0.233724992968258	0.24727304887194
"yeaC"	1	1	1
"yeaD"	1	1	1
"yeaE"	1	1	1
"yeaGH"	2	0.787126860568663	0.787126860568663
"yeaK"	1	1	1
"yeaL"	1	1	1
"yeaO"	1	1	1
"yeaQ"	1	1	1
"yeaR-yoaG"	2	0.455630712113642	0.455630712113642
"yeaVW"	2	0.186292336385797	0.186292336385797
"yeaX"	1	1	1
"yeaY"	1	1	1
"yebB"	1	1	1
"yebC-ruvC"	2	0.485911975379067	0.485911975379067
"yebE"	1	1	1
"yebF"	1	1	1
"yebG"	1	1	1
"yebK"	1	1	1
"yebO"	1	1	1
"yebQ"	1	1	1
"yebST"	2	0.318570527327792	0.318570527327792
"yebV"	1	1	1
"yebW"	1	1	1
"yecA"	1	1	1
"yecDE"	2	0.327533530013827	0.327533530013827
"yecF"	1	1	1
"yecH"	1	1	1
"yecJ"	1	1	1
"yecM-cutC"	2	0.285844813136206	0.285844813136206
"yecN-cmoAB"	3	0.434831783304349	0.475926589522128
"yecR"	1	1	1
"yecT"	1	1	1
"yedA"	1	1	1
"yedD"	1	1	1
"yedEF"	2	0.610989902810693	0.610989902810693
"yedI"	1	1	1
"yedK"	1	1	1
"yedL"	1	1	1
"yedP"	1	1	1
"yedRJ"	2	0.469803809033346	0.469803809033346
"yedWV"	2	0.454763799980469	0.454763799980469
"yedX"	1	1	1
"yeeA"	1	1	1
"yeeED"	2	0.708060020556494	0.708060020556494
"yeeJ"	1	1	1
"yeeN"	1	1	1
"yeeO"	1	1	1
"yeeP"	1	1	1
"yeeRST-cbeA-cbtA-yeeW"	6	0.138188584548824	0.146317252256904
"yeeX"	1	1	1
"yeeY"	1	1	1
"yeeZ"	1	1	1
"yefM-yoeB"	2	0.481110208502746	0.481110208502746
"yegD"	1	1	1
"yegH"	1	1	1
"yegI"	1	1	1
"yegJ"	1	1	1
"yegLK"	2	0.247731659649823	0.247731659649823
"yegP"	1	1	1
"yegQ"	1	1	1
"yegRZ"	1	1	1
"yegS"	1	1	1
"yegTUV"	3	0.292644755367751	0.260838119378384
"yegW"	1	1	1
"yegX"	1	1	1
"yehDCBA"	4	0.259882980321704	0.265038193215915
"yehE"	1	1	1
"yehK"	1	1	1
"yehLMPQ"	4	0.235159185316628	0.246437667020323
"yehR"	1	1	1
"yehS"	1	1	1
"yehUT"	2	0.506337354984425	0.506337354984425
"yeiE"	1	1	1
"yeiG"	1	1	1
"yeiH"	1	1	1
"yeiI"	1	1	1
"yeiL"	1	1	1
"yeiP"	1	1	1
"yeiQ"	1	1	1
"yeiR-lpxT"	2	0.340283959610949	0.340283959610949
"yeiW"	1	1	1
"yejABEF"	4	0.309183309841608	0.310455304192606
"yejG"	1	1	1
"yejK"	1	1	1
"yejLM"	2	0.434319411791539	0.434319411791539
"yejO"	1	1	1
"yfaATS_1S_2QP"	4	0.193003162133252	0.185826386174093
"yfaD-ypaA"	1	1	1
"yfaE"	1	1	1
"yfaH"	1	1	1
"yfaL"	1	1	1
"yfaVU"	2	0.154295183088657	0.154295183088657
"yfaX-rhmD"	1	1	1
"yfaX-rhmD-yfaVU"	3	0.175528359084743	0.154295183088657
"yfaY"	1	1	1
"yfaZ"	1	1	1
"yfbK"	1	1	1
"yfbL"	1	1	1
"yfbM"	1	1	1
"yfbN"	1	1	1
"yfbO"	1	1	1
"yfbP"	1	1	1
"yfbR"	1	1	1
"yfbS"	1	1	1
"yfbUT"	2	0.539028193725299	0.539028193725299
"yfbV"	1	1	1
"yfcC"	1	1	1
"yfcD"	1	1	1
"yfcE"	1	1	1
"yfcF"	1	1	1
"yfcG"	1	1	1
"yfcI"	1	1	1
"yfcJ"	1	1	1
"yfcUTSRQPO"	5	0.177354450786462	0.206948423758115
"yfcV"	1	1	1
"yfcZ"	1	1	1
"yfdC"	1	1	1
"yfdE"	1	1	1
"yfdF"	1	1	1
"yfdGHI"	3	0.545963145302882	0.556463323612648
"yfdONMLK"	5	0.166424043081246	0.192733209781311
"yfdPQ"	2	0.215465834639663	0.215465834639663
"yfdRST"	3	0.249847963606528	0.249368606126916
"yfdV"	1	1	1
"yfdX-frc-oxc-yfdVE"	5	0.349945937946321	0.360929037760129
"yfdY"	1	1	1
"yfeCD"	2	0.545526831385572	0.545526831385572
"yfeH"	1	1	1
"yfeKS"	2	0.369143621025195	0.369143621025195
"yfeN"	1	1	1
"yfeO"	1	1	1
"yfeR"	1	1	1
"yfeYX"	2	0.246473235777726	0.246473235777726
"yffB-dapE-ypfN"	3	0.333861419911868	0.372957186746904
"yffL"	1	1	1
"yffMN"	2	0.323076299216087	0.323076299216087
"yffOP"	2	0.375836996822544	0.375836996822544
"yffQR"	2	0.334717165731527	0.334717165731527
"yffS"	1	1	1
"yfgG"	1	1	1
"yfgHI"	2	0.233557152342652	0.233557152342652
"yfgJ"	1	1	1
"yfgM"	1	1	1
"yfgO"	1	1	1
"yfhH"	1	1	1
"yfhL"	1	1	1
"yfhM-pbpC"	2	0.0803927561572856	0.0803927561572856
"yfhR"	1	1	1
"yfiC"	1	1	1
"yfiE"	1	1	1
"yfiF"	1	1	1
"yfiL"	1	1	1
"yfiM"	1	1	1
"yfiP-patZ"	2	0.111959404736953	0.111959404736953
"yfiR-dgcN"	2	0.439218388078203	0.439218388078203
"yfiR-dgcN-yfiB"	3	0.376044814258224	0.391683129132787
"yfjD"	1	1	1
"yfjH"	1	1	1
"yfjI"	1	1	1
"yfjJ"	1	1	1
"yfjM"	1	1	1
"yfjPQ"	2	0.184608455456947	0.184608455456947
"yfjR-ypjK-yfjST"	4	0.239133246932788	0.230124651054325
"yfjW"	1	1	1
"yfjXY-ypjJ-yfjZ-ypjF"	5	0.243966312918138	0.270120096346374
"ygaC"	1	1	1
"ygaM"	1	1	1
"ygaVP"	2	0.309737175692446	0.309737175692446
"ygaXY"	1	1	1
"ygaZH"	2	0.63640351449505	0.63640351449505
"ygbA"	1	1	1
"ygbE"	1	1	1
"ygbI"	1	1	1
"ygbJK"	2	0.325954239307953	0.325954239307953
"ygbK"	1	1	1
"ygbLM"	2	0.33288253900289	0.33288253900289
"ygbN"	1	1	1
"ygcG"	1	1	1
"ygcNOP"	3	0.351775305031763	0.316990507517426
"ygcRQ"	2	0.315521539289152	0.315521539289152
"ygcS"	1	1	1
"ygcU"	1	1	1
"ygcW"	1	1	1
"ygdD"	1	1	1
"ygdG"	1	1	1
"ygdH"	1	1	1
"ygdI"	1	1	1
"ygdQ"	1	1	1
"ygdR"	1	1	1
"ygeA"	1	1	1
"ygeF"	1	1	1
"ygeG"	1	1	1
"ygeH"	1	1	1
"ygeI"	1	1	1
"ygeLK"	1	1	1
"ygeQ"	1	1	1
"ygeR"	1	1	1
"ygeV"	1	1	1
"ygeW"	1	1	1
"ygeX"	1	1	1
"ygeY"	1	1	1
"ygfB-pepP-ubiHI"	4	0.256899008237988	0.227873998133354
"ygfF"	1	1	1
"ygfI"	1	1	1
"ygfK-ssnA"	2	0.343433105159583	0.343433105159583
"ygfM-xdhD"	2	0.312741235951619	0.312741235951619
"ygfTS"	2	0.349336925799568	0.349336925799568
"ygfZ"	1	1	1
"yggDC"	2	0.364590070753302	0.364590070753302
"yggE"	1	1	1
"yggI"	1	1	1
"yggM"	1	1	1
"yggN"	1	1	1
"yggR"	1	1	1
"yggSTU-rdgB-yggW"	5	0.415076269869998	0.413428426553689
"yggX"	1	1	1
"yggX-mltC"	2	0.299488183229258	0.299488183229258
"yggX-mltC-nupG"	3	0.1788756892647	0.127129420805088
"yghA"	1	1	1
"yghB"	1	1	1
"yghED"	1	1	1
"yghF"	1	1	1
"yghG"	1	1	1
"yghJ"	1	1	1
"yghO"	1	1	1
"yghQ"	1	1	1
"yghSR"	2	0.339308810075338	0.339308810075338
"yghT"	1	1	1
"yghU"	1	1	1
"yghW"	1	1	1
"ygiD"	1	1	1
"ygiF-glnE"	2	0.244796227014643	0.244796227014643
"ygiH"	1	1	1
"ygiL"	1	1	1
"ygiM"	1	1	1
"ygiM-cca"	2	0.308730702010917	0.308730702010917
"ygiN"	1	1	1
"ygiQ"	1	1	1
"ygiS"	1	1	1
"ygiV"	1	1	1
"ygiW"	1	1	1
"ygiZ"	1	1	1
"ygjH"	1	1	1
"ygjI"	1	1	1
"ygjJK"	2	0.453549749012766	0.453549749012766
"ygjP"	1	1	1
"ygjQ"	1	1	1
"ygjR"	1	1	1
"ygjV"	1	1	1
"yhaBC"	2	0.357023017311237	0.357023017311237
"yhaH"	1	1	1
"yhaI"	1	1	1
"yhaJ"	1	1	1
"yhaKL"	2	0.127332124587831	0.127332124587831
"yhaOM"	2	0.470124482743942	0.470124482743942
"yhbE-obgE"	2	0.584787547543067	0.584787547543067
"yhbO"	1	1	1
"yhbP"	1	1	1
"yhbQ"	1	1	1
"yhbTS"	2	0.572777625925148	0.572777625925148
"yhbUV"	2	0.420325493710137	0.420325493710137
"yhbW"	1	1	1
"yhbX"	1	1	1
"yhbY"	1	1	1
"yhcAD-ychE_1"	2	0.23777167174581	0.23777167174581
"yhcB"	1	1	1
"yhcC"	1	1	1
"yhcG"	1	1	1
"yhcN"	1	1	1
"yhcO"	1	1	1
"yhdH"	1	1	1
"yhdJ"	1	1	1
"yhdN-zntR"	2	0.619749580846408	0.619749580846408
"yhdP"	1	1	1
"yhdT-panF-prmA"	3	0.358768593635631	0.388884889755597
"yhdU"	1	1	1
"yhdV"	1	1	1
"yhdWXYZ"	4	0.3002381813325	0.303976846848693
"yheO-tusDCB"	4	0.344079353448337	0.308264492941893
"yheSTU"	3	0.222955721411847	0.249185244169754
"yhfA"	1	1	1
"yhfK"	1	1	1
"yhfL"	1	1	1
"yhfXW-php-yhfUTS"	6	0.269817668846989	0.293200524263355
"yhfZY"	2	0.481681845284374	0.481681845284374
"yhgA"	1	1	1
"yhgE"	1	1	1
"yhgF"	1	1	1
"yhgN"	1	1	1
"yhhA"	1	1	1
"yhhH"	1	1	1
"yhhI"	1	1	1
"yhhM"	1	1	1
"yhhN"	1	1	1
"yhhQ"	1	1	1
"yhhS"	1	1	1
"yhhT"	1	1	1
"yhhW"	1	1	1
"yhhX"	1	1	1
"yhhY"	1	1	1
"yhhZ-yrhA-insAB-6A-6B-6"	3	0.172612457148838	0.0365578605006028
"yhiD"	1	1	1
"yhiI-rbbA-yhhJ"	3	0.45779737958964	0.484508700151727
"yhiJ"	1	1	1
"yhiM"	1	1	1
"yhiN"	1	1	1
"yhjA"	1	1	1
"yhjB"	1	1	1
"yhjC"	1	1	1
"yhjD"	1	1	1
"yhjE"	1	1	1
"yhjG"	1	1	1
"yhjJ"	1	1	1
"yhjR"	1	1	1
"yhjV"	1	1	1
"yhjX"	1	1	1
"yhjY"	1	1	1
"yiaA"	1	1	1
"yiaB"	1	1	1
"yiaD"	1	1	1
"yiaF"	1	1	1
"yiaG"	1	1	1
"yiaJ"	1	1	1
"yiaKLMNO-lyxK-sgbHUE"	9	0.291033312207284	0.285935691805022
"yiaT"	1	1	1
"yiaU"	1	1	1
"yiaWV"	2	0.352899035468499	0.352899035468499
"yiaY"	1	1	1
"yibA"	1	1	1
"yibF"	1	1	1
"yibG"	1	1	1
"yibIH"	2	0.472679313189358	0.472679313189358
"yibJ"	1	1	1
"yibL"	1	1	1
"yibN"	1	1	1
"yibN-grxC-secB-gpsA"	4	0.384581533684923	0.397684834843948
"yibT"	1	1	1
"yicC"	1	1	1
"yicG"	1	1	1
"yicH"	1	1	1
"yicJI"	2	0.262802464810711	0.262802464810711
"yicL"	1	1	1
"yicN"	1	1	1
"yicR-rpmBG"	3	0.377125983927993	0.207209417932514
"yicR-rpmBG-mutM"	4	0.305457101025024	0.231705909837691
"yicS"	1	1	1
"yidA"	1	1	1
"yidB"	1	1	1
"yidE"	1	1	1
"yidHGF"	3	0.242240006327777	0.206880543786643
"yidI"	1	1	1
"yidKJ"	2	0.325745709053709	0.325745709053709
"yidL"	1	1	1
"yidP"	1	1	1
"yidQ"	1	1	1
"yidR"	1	1	1
"yidX"	1	1	1
"yidZ"	1	1	1
"yieEF"	2	0.380822623644174	0.380822623644174
"yieH"	1	1	1
"yieP-hsrA"	2	0.358309352914236	0.358309352914236
"yifB"	1	1	1
"yifK"	1	1	1
"yifL-dapF-yigA-xerC-yigB"	5	0.445459143387299	0.433292337430279
"yigE"	1	1	1
"yigGF"	2	0.346204383225463	0.346204383225463
"yigI"	1	1	1
"yigM"	1	1	1
"yihA"	1	1	1
"yihD"	1	1	1
"yihF"	1	1	1
"yihG"	1	1	1
"yihI"	1	1	1
"yihLM"	2	0.315306782437974	0.315306782437974
"yihN"	1	1	1
"yihPO"	2	0.390252292763403	0.390252292763403
"yihQ"	1	1	1
"yihR"	1	1	1
"yihUTS"	3	0.387860263213369	0.358447281215826
"yihVW"	2	0.294252034883728	0.294252034883728
"yihXY-dtd-yiiD"	4	0.330875557150666	0.303949878343557
"yiiE"	1	1	1
"yiiF"	1	1	1
"yiiG"	1	1	1
"yiiM"	1	1	1
"yiiQ"	1	1	1
"yiiR"	1	1	1
"yiiS-uspD"	2	0.716419906790738	0.716419906790738
"yiiX"	1	1	1
"yijE"	1	1	1
"yijF"	1	1	1
"yijO"	1	1	1
"yjaA"	1	1	1
"yjaB"	1	1	1
"yjaG"	1	1	1
"yjaH"	1	1	1
"yjaZ"	1	1	1
"yjbB"	1	1	1
"yjbD"	1	1	1
"yjbE"	1	1	1
"yjbEFGH"	4	0.300503673731983	0.348489888736369
"yjbFGH"	3	0.309161821388117	0.353394840686921
"yjbI"	1	1	1
"yjbJ"	1	1	1
"yjbLM"	2	0.332524684851689	0.332524684851689
"yjbQR"	2	0.544109676055547	0.544109676055547
"yjcB"	1	1	1
"yjcE"	1	1	1
"yjcF"	1	1	1
"yjcO"	1	1	1
"yjcS"	1	1	1
"yjdC"	1	1	1
"yjdF"	1	1	1
"yjdIJ"	2	0.656544928974396	0.656544928974396
"yjdM"	1	1	1
"yjdN"	1	1	1
"yjdP"	1	1	1
"yjeF-tsaE-amiB-mutL-miaA-hfq-hflXKC"	9	0.195463057871849	0.168554077289191
"yjeH"	1	1	1
"yjeI"	1	1	1
"yjeJ"	1	1	1
"yjeM"	1	1	1
"yjeNO"	2	0.438876744171799	0.438876744171799
"yjeT"	1	1	1
"yjeV"	1	1	1
"yjfIJ"	2	0.296751549758128	0.296751549758128
"yjfKLMC"	4	0.32430104937821	0.310852118270616
"yjfN"	1	1	1
"yjfP"	1	1	1
"yjfY"	1	1	1
"yjfZ"	1	1	1
"yjgA"	1	1	1
"yjgH"	1	1	1
"yjgL"	1	1	1
"yjgM"	1	1	1
"yjgN"	1	1	1
"yjgR"	1	1	1
"yjgZ"	1	1	1
"yjhBC"	2	0.512176094191686	0.512176094191686
"yjhD"	1	1	1
"yjhF"	1	1	1
"yjhIHG"	3	0.323101791217519	0.315396040187392
"yjhP"	1	1	1
"yjhR"	1	1	1
"yjhU"	1	1	1
"yjiC"	1	1	1
"yjiHG-iadA"	3	0.400549767621137	0.409222224924143
"yjiJ"	1	1	1
"yjiK"	1	1	1
"yjiML"	2	0.405192964220822	0.405192964220822
"yjiPQ"	1	1	1
"yjiR"	1	1	1
"yjiS"	1	1	1
"yjiT"	1	1	1
"yjiXA"	2	0.483908537301207	0.483908537301207
"yjiY"	1	1	1
"yjjB-dnaTC"	3	0.132342510031705	0.0350313868144845
"yjjB-dnaTC-yjjA"	4	0.180790628166842	0.132130640344795
"yjjI"	1	1	1
"yjjJ"	1	1	1
"yjjP"	1	1	1
"yjjQ-bglJ"	2	0.290105935415166	0.290105935415166
"yjjUV"	2	0.507277601450786	0.507277601450786
"yjjW"	1	1	1
"yjjX"	1	1	1
"yjjY"	1	1	1
"yjjZ"	1	1	1
"yjtD"	1	1	1
"ykfA-yafZ"	2	0.298845039922321	0.298845039922321
"ykfBF-yafX-ykfGH-yafW-ykfI"	7	0.375386369114667	0.352127691935698
"ykfC"	1	1	1
"ykfGH-yafW-ykfI"	4	0.434279743339807	0.46867816756524
"ykgA"	1	1	1
"ykgEFG"	3	0.50816380177774	0.509152744805032
"ykgH"	1	1	1
"ykgJ"	1	1	1
"ykgL"	1	1	1
"ykgMO"	2	0.63752637341949	0.63752637341949
"ykgR"	1	1	1
"ykiA"	1	1	1
"ylaC"	1	1	1
"ylbG"	1	1	1
"yliI"	1	1	1
"ymbA"	1	1	1
"ymcE-gnsA"	2	0.318593890189225	0.318593890189225
"ymdA"	1	1	1
"ymdB-clsC"	2	0.47477719873671	0.47477719873671
"ymdE-ycdU"	1	1	1
"ymdF"	1	1	1
"ymfA-ycfZ"	2	0.418963094457986	0.418963094457986
"ymfED"	2	0.419206107076968	0.419206107076968
"ymfH-xisE-intE"	2	0.402585930865419	0.402585930865419
"ymfI"	1	1	1
"ymfJ"	1	1	1
"ymfK"	1	1	1
"ymfTLMNR-beeE-jayE-ymfQ-ycfK-ymfS"	9	0.254313152076003	0.226045442666765
"ymgA-ariR"	2	0.608391262602894	0.608391262602894
"ymgC"	1	1	1
"ymgE"	1	1	1
"ymgF"	1	1	1
"ymgGD"	2	0.553527745976481	0.553527745976481
"ymgH-ycgI"	1	1	1
"ymiA-yciX"	2	0.530564140936745	0.530564140936745
"ymjA"	1	1	1
"ymjC-mpaA"	2	0.208291346364162	0.208291346364162
"ynaA-lomR_1"	1	1	1
"ynaE"	1	1	1
"ynaI"	1	1	1
"ynaJ"	1	1	1
"ynaK-ydaY"	2	0.306787449478687	0.306787449478687
"ynbABCD"	4	0.258222088142526	0.277962097179456
"yncD"	1	1	1
"yncE"	1	1	1
"yncG"	1	1	1
"yncH"	1	1	1
"yncJ"	1	1	1
"yncL"	1	1	1
"yncM"	1	1	1
"yneE"	1	1	1
"yneHG"	2	0.497550237846932	0.497550237846932
"yneJ"	1	1	1
"yneK"	1	1	1
"yneL"	1	1	1
"yneM"	1	1	1
"ynfA"	1	1	1
"ynfB-speG"	2	0.616008261357773	0.616008261357773
"ynfC"	1	1	1
"ynfD"	1	1	1
"ynfEFGH-dmsD"	5	0.41850112271192	0.432234046210544
"ynfK"	1	1	1
"ynfL"	1	1	1
"ynfM"	1	1	1
"ynfN"	1	1	1
"ynfO-ydfO"	2	0.159412005677975	0.159412005677975
"yniA"	1	1	1
"yniB"	1	1	1
"yniC"	1	1	1
"yniD"	1	1	1
"ynjE"	1	1	1
"ynjF"	1	1	1
"ynjH"	1	1	1
"ynjI"	1	1	1
"yoaA"	1	1	1
"yoaB"	1	1	1
"yoaC"	1	1	1
"yoaE"	1	1	1
"yoaF"	1	1	1
"yoaH"	1	1	1
"yoaI"	1	1	1
"yobA-yebZY"	3	0.438957222400693	0.448953876087528
"yobB-exoX"	2	0.270967587009307	0.270967587009307
"yobD"	1	1	1
"yobF-cspC"	2	0.64240946548003	0.64240946548003
"yobH"	1	1	1
"yodB"	1	1	1
"yodC"	1	1	1
"yodD"	1	1	1
"yoeF"	1	1	1
"yohC"	1	1	1
"yohD"	1	1	1
"yohF"	1	1	1
"yohH"	1	1	1
"yohJK"	2	0.507532504848702	0.507532504848702
"yohO"	1	1	1
"yojI"	1	1	1
"ypdABC"	3	0.205723323630114	0.167853574682644
"ypdI"	1	1	1
"ypdJ"	1	1	1
"ypeA-yfeZ"	2	0.495666864491857	0.495666864491857
"ypeC"	1	1	1
"ypfG"	1	1	1
"ypfH"	1	1	1
"ypfJ-tmcA"	2	0.236399041355822	0.236399041355822
"ypfM"	1	1	1
"yphA"	1	1	1
"yphCB"	2	0.314297910809296	0.314297910809296
"yphFED"	3	0.265862871724524	0.31105862370051
"yphG"	1	1	1
"yphH"	1	1	1
"ypjA"	1	1	1
"ypjC"	1	1	1
"ypjD"	1	1	1
"ypjM_1M_2"	1	1	1
"ypjM_3-yfjU"	1	1	1
"yqaBA"	2	0.478197418460791	0.478197418460791
"yqaE"	1	1	1
"yqaE-kbp"	2	0.404811242567821	0.404811242567821
"yqcC-truC-yqcA"	3	0.179652702826386	0.0347561435812676
"yqcE-ygcE"	2	0.288265366408472	0.288265366408472
"yqeA"	1	1	1
"yqeB"	1	1	1
"yqeC"	1	1	1
"yqeF"	1	1	1
"yqeG"	1	1	1
"yqeH"	1	1	1
"yqeIJ"	2	0.487934760012211	0.487934760012211
"yqeK"	1	1	1
"yqfA"	1	1	1
"yqfB"	1	1	1
"yqfE"	1	1	1
"yqgA"	1	1	1
"yqgB"	1	1	1
"yqgC"	1	1	1
"yqgEF"	2	0.476843853079246	0.476843853079246
"yqhA"	1	1	1
"yqhC"	1	1	1
"yqhD-dkgA"	2	0.300505385074961	0.300505385074961
"yqhG"	1	1	1
"yqhH"	1	1	1
"yqiC"	1	1	1
"yqiJK"	2	0.284395344815031	0.284395344815031
"yqjA-mzrA"	2	0.380284248934374	0.380284248934374
"yqjCDEK"	4	0.645049248146976	0.648919603812288
"yqjF"	1	1	1
"yqjG"	1	1	1
"yqjH"	1	1	1
"yqjI"	1	1	1
"yraH"	1	1	1
"yraIJK"	3	0.254766097602603	0.254671371768917
"yraN"	1	1	1
"yraP"	1	1	1
"yraQ"	1	1	1
"yraR"	1	1	1
"yrbG-kdsD"	2	0.178526149269539	0.178526149269539
"yrbG-kdsDC-lptCAB"	6	0.264419732703924	0.24865989497402
"yrbL"	1	1	1
"yrbN-deaD"	2	0.600457880921131	0.600457880921131
"yrdA"	1	1	1
"yrdD-tsaC-aroE-yrdB"	4	0.407106700628836	0.421486151604822
"yrfF"	1	1	1
"yrfG-hslR"	2	0.443238795863752	0.443238795863752
"yrhB"	1	1	1
"ysaA"	1	1	1
"ysaB"	1	1	1
"ysgA"	1	1	1
"ytfA"	1	1	1
"ytfB"	1	1	1
"ytfE"	1	1	1
"ytfF"	1	1	1
"ytfH"	1	1	1
"ytfI"	1	1	1
"ytfJ"	1	1	1
"ytfK"	1	1	1
"ytfL"	1	1	1
"ytfQRT-yjfF"	4	0.450933965030971	0.456680112374968
"ytjA"	1	1	1
"ytjB-lplA"	2	0.315545295714996	0.315545295714996
"ytjC"	1	1	1
"yzgL"	1	1	1
"zapA"	1	1	1
"zapB"	1	1	1
"zapC"	1	1	1
"zapE"	1	1	1
"zinT"	1	1	1
"zipA"	1	1	1
"zitB"	1	1	1
"zntA"	1	1	1
"znuA"	1	1	1
"znuCB"	2	0.358405749087579	0.358405749087579
"zraP"	1	1	1
"zraSR"	2	0.324343060295605	0.324343060295605
"zupT"	1	1	1
"zur"	1	1	1
"zwf"	1	1	1
