# From /Users/Daniela/Documents/CCG/GU_art_2/GO_levels/scripts/golevels_of_random_sets_v2.pl on Wed Oct  3 02:56:38 2018
# Using: /Users/Daniela/Documents/CCG/GU_art_2/GO_levels/random_sets_smgns/random_general/
# Percentages of genes of same set are in: /Users/Daniela/Documents/CCG/GU_art_2/GO_levels_extended/results/random_gos/percs/general_random_perc.txt 
# Columns= Group name
# Rows= Random set
	AccB	AcrR	Ada	AdiY	AgaR	AidB	AlaS	AllR	AllS	AlsR	AppY	AraC	ArgP	ArgR	ArsR	AscG	AsnC	AtoC	BaeR	BasR	BetI	BirA	BluR	BolA	CadC	CaiF	Cbl	CdaR	CecR	ChbR	ComR	CpxR	Cra	CreB	CsgD	CsiR	CspA	CueR	CusR	CynR	CysB	CytR	Dan	DcuR	DeoR	DhaR	DicA	DinJ-YafQ	DnaA	DpiA	DsdC	EbgR	EnvR	EnvY	EvgA	ExuR	FabR	FadR	FeaR	FhlA	FlhDC	FliZ	FucR	Fur	GadE	GadE-RcsB	GadW	GadX	GalR	GalS	GatR	GcvA	GlcC	GlpR	GlrR	GntR	GutM	GutR	HU	HcaR	HdfR	HigA	HigB-HigA	HipAB	HipB	HyfR	HypT	IclR	IdnR	IlvY	IscR	KdgR	KdpE	LacI	LeuO	LexA	LldR	LrhA	LsrR	LysR	MalI	MalT	MarA	MarR	MatA	MazE	MazE-MazF	McbR	MelR	MetJ	MetR	MhpR	Mlc	MlrA	MngR	MntR	ModE	MprA	MqsA	MraZ	MtlR	MurR	Nac	NadR	NagC	NanR	NarL	NarP	NemR	NhaR	NikR	NimR	NorR	NrdR	NsrR	NtrC	OmpR	OxyR	PaaX	PdeL	PdhR	PepA	PgrR	PhoB	PhoP	PrpR	PspF	PurR	PutA	PuuR	QseB	RbsR	RcdA	RclR	RcnR	RcsAB	RcsB	RcsB-BglJ	RelB	RelB-RelE	RhaR	RhaS	Rob	RstA	RtcR	RutR	SdiA	SgrR	SlyA	SoxR	SoxS	StpA	SutR	TdcA	TdcR	TorR	TreR	TrpR	TyrR	UhpA	UidR	UlaR	UvrY	UxuR	XapR	XylR	YdeO	YedW	YefM	YefM-YoeB	YehT	YeiL	YiaJ	YjjQ	YpdB	YqhC	YqjI	ZntR	ZraR	Zur
ran_1.txt	5	3	3	3	3	NA	NA	3	6	6	7	3	3	3	9	8	3	4	4	3	4	3	5	9	6	3	3	3	3	9	NA	3	3	5	3	3	NA	4	3	4	3	3	5	3	3	9	4	4	3	3	5	NA	3	NA	3	3	NA	3	4	3	3	3	5	3	4	4	5	3	3	4	3	3	3	3	5	3	5	4	3	4	3	6	8	3	3	3	4	4	8	7	3	3	4	NA	4	3	5	4	3	10	8	3	3	7	5	NA	6	3	3	4	3	3	6	3	4	3	3	5	3	3	10	4	3	4	3	5	3	3	5	7	3	NA	7	3	3	3	3	3	4	NA	3	6	6	3	3	5	3	3	NA	3	3	3	3	4	7	3	3	3	5	4	7	3	3	5	NA	3	3	4	NA	8	3	4	6	4	5	3	NA	3	3	NA	3	6	3	4	8	5	3	3	7	4	NA	NA	3	5	NA	NA	7	NA	5	6
ran_10.txt	9	3	4	6	6	NA	NA	3	3	3	3	3	3	3	NA	3	8	7	3	3	10	3	4	8	4	3	3	3	3	3	NA	3	3	5	3	6	4	3	3	4	3	3	3	3	6	5	8	7	3	3	4	NA	5	7	3	3	NA	3	8	3	3	3	7	3	3	3	4	3	3	3	5	4	3	3	7	4	3	3	3	4	9	9	9	4	5	3	3	4	3	6	3	3	5	9	3	3	NA	4	3	6	3	3	3	8	9	3	NA	4	9	4	9	3	3	3	3	6	3	3	3	3	7	6	3	8	3	3	3	3	4	5	5	6	5	3	3	3	3	3	3	NA	3	3	6	3	3	5	3	3	9	3	4	3	4	5	10	3	3	5	6	4	9	3	3	3	NA	3	8	3	NA	7	3	5	8	3	3	3	6	3	3	NA	3	3	4	3	3	8	3	3	8	8	NA	NA	3	3	NA	NA	6	NA	4	3
ran_100.txt	9	5	8	4	3	NA	NA	3	4	3	3	3	5	3	4	3	5	4	3	3	5	4	3	8	4	3	3	3	5	4	NA	3	3	5	3	4	6	4	3	3	3	3	5	3	9	8	3	3	3	3	7	NA	7	NA	3	3	7	3	9	3	3	3	6	3	3	3	3	3	3	4	3	7	5	3	3	3	3	3	5	3	4	NA	3	4	4	3	3	4	3	3	3	NA	3	5	3	3	9	3	3	3	3	3	3	6	7	7	3	3	7	3	4	4	5	3	8	3	3	3	3	4	10	5	3	6	3	3	3	3	9	5	3	4	5	5	3	3	3	3	3	NA	3	NA	3	3	3	3	4	3	NA	4	3	3	4	7	3	3	3	3	3	3	8	3	3	3	8	3	3	3	NA	3	3	3	3	5	3	3	4	3	3	NA	3	3	4	6	NA	3	3	3	7	NA	NA	NA	3	4	NA	3	8	NA	5	4
ran_11.txt	3	3	9	3	3	NA	NA	3	7	3	3	3	3	3	6	5	4	4	3	3	4	3	3	NA	5	3	3	4	6	5	NA	3	3	5	3	3	NA	3	3	4	3	3	3	3	3	3	3	9	3	3	4	9	4	NA	3	3	6	3	7	3	3	3	3	3	3	9	5	3	3	3	4	4	3	3	4	3	5	3	3	3	6	8	3	3	3	3	3	7	3	NA	3	8	10	4	3	4	3	3	3	6	6	3	3	4	4	3	9	NA	7	3	3	4	3	4	NA	3	3	3	3	4	4	4	3	8	3	3	3	3	3	3	3	NA	6	5	3	3	3	3	3	NA	3	3	3	3	3	3	4	3	3	3	6	3	4	5	5	3	3	3	4	6	7	6	3	7	3	3	4	8	NA	3	3	4	5	5	4	3	6	3	4	NA	3	8	3	3	NA	3	3	3	7	NA	NA	NA	3	3	NA	5	8	NA	9	3
ran_12.txt	NA	3	5	3	3	NA	NA	3	6	3	4	3	3	3	3	3	3	3	3	3	6	6	8	7	9	4	3	3	4	7	NA	3	3	5	3	5	9	4	3	9	3	3	6	3	NA	3	4	7	3	3	9	3	NA	3	3	4	NA	3	6	3	3	3	4	3	3	3	3	3	3	3	5	9	3	3	4	3	6	3	3	4	3	NA	NA	3	5	3	3	5	3	8	3	NA	8	6	4	3	6	7	3	9	6	3	3	NA	3	7	NA	7	3	3	4	3	4	5	8	3	3	3	3	3	4	NA	3	4	3	3	3	3	7	4	7	8	NA	8	3	3	3	3	3	NA	3	7	3	3	3	3	6	3	8	3	3	3	3	6	3	3	3	3	3	8	5	9	3	3	4	3	3	3	NA	4	3	8	4	5	3	3	5	3	3	NA	3	3	3	3	6	3	3	3	9	3	NA	NA	4	4	NA	9	8	NA	9	6
ran_13.txt	3	3	7	3	3	NA	NA	3	5	4	3	3	3	3	NA	3	4	5	3	3	7	3	4	7	7	3	3	3	4	4	NA	3	3	3	3	3	NA	5	5	6	3	3	3	4	3	6	3	10	3	5	9	7	6	NA	5	3	9	3	NA	3	3	3	4	3	3	3	3	3	3	3	3	5	3	4	6	5	3	3	3	3	3	8	9	3	3	3	3	5	3	NA	3	8	3	4	3	3	4	3	3	3	4	3	3	7	3	5	3	4	3	3	3	5	3	4	NA	8	3	3	3	3	8	9	5	5	3	4	3	3	9	3	5	8	3	3	3	3	3	3	3	NA	3	6	8	3	3	5	3	3	3	6	3	6	4	3	8	3	3	3	7	4	4	5	3	3	5	3	3	3	NA	NA	3	6	3	8	3	3	7	5	3	NA	7	3	4	3	3	6	3	3	NA	5	NA	NA	3	3	NA	3	10	NA	NA	3
ran_14.txt	8	3	3	5	3	NA	NA	3	4	8	3	4	3	3	6	3	4	3	4	3	3	3	3	3	6	3	3	3	3	5	NA	3	3	6	3	5	NA	3	3	3	3	3	9	4	3	9	3	3	4	3	3	6	6	NA	3	3	NA	3	7	3	3	3	3	3	3	8	3	3	3	3	5	5	3	4	3	3	3	3	3	8	3	8	NA	3	8	3	3	8	3	6	3	8	7	3	3	3	4	5	3	8	7	3	3	4	3	9	6	9	5	3	3	4	3	3	3	3	3	5	3	3	7	7	3	4	3	3	3	3	9	3	3	3	6	3	3	3	3	3	3	NA	3	3	3	3	3	3	3	3	NA	3	4	3	3	5	5	3	5	3	4	4	8	3	3	3	3	3	3	4	NA	7	3	3	3	3	5	3	7	3	5	NA	3	6	4	3	NA	5	3	3	8	8	NA	NA	3	3	NA	4	6	NA	3	6
ran_15.txt	9	8	5	3	3	NA	NA	6	4	4	3	3	3	3	9	4	10	3	3	3	7	9	3	3	8	3	3	3	3	4	NA	3	3	5	3	4	5	4	3	3	3	5	7	3	3	5	5	3	8	3	5	10	8	9	3	3	3	3	4	3	3	3	4	3	3	3	3	3	4	3	3	7	3	3	3	3	3	3	6	3	4	7	4	4	3	3	3	4	3	NA	3	3	3	9	3	3	4	7	5	8	3	7	3	4	4	6	4	5	NA	3	4	4	3	3	6	3	3	3	3	3	8	3	3	3	3	4	3	3	4	3	6	4	3	3	3	3	3	3	3	NA	3	7	3	3	3	4	3	3	4	3	9	3	3	8	3	3	3	3	7	9	NA	8	3	3	8	3	3	3	NA	5	3	8	5	3	3	3	7	3	3	NA	6	3	3	5	NA	4	3	3	NA	9	NA	NA	4	3	NA	3	3	NA	3	3
ran_16.txt	4	3	4	6	3	NA	NA	3	7	7	3	3	5	3	3	5	8	3	3	3	3	3	3	9	4	3	4	3	4	8	NA	3	3	3	3	7	7	3	3	4	3	3	7	5	4	3	3	3	3	3	NA	NA	NA	3	3	6	NA	3	4	3	3	3	3	3	4	5	3	3	5	3	3	3	3	3	5	3	5	3	4	4	6	4	9	3	4	3	3	3	4	5	3	NA	9	4	3	3	3	4	4	11	NA	3	3	4	5	9	3	3	5	3	4	6	3	3	4	3	3	9	4	3	5	5	3	3	4	3	3	3	4	5	3	NA	7	3	3	3	4	3	3	NA	3	4	3	3	3	3	4	3	3	5	3	3	3	5	3	3	3	3	7	3	7	3	3	3	NA	3	3	3	NA	3	3	4	3	6	4	3	NA	3	3	NA	7	8	3	3	8	3	3	3	3	3	NA	NA	4	3	NA	9	NA	NA	7	4
ran_17.txt	4	3	8	3	3	NA	NA	3	4	8	3	3	3	3	NA	3	4	10	3	4	3	3	3	9	9	4	5	3	5	3	NA	3	3	4	3	3	NA	3	3	5	3	3	3	3	4	5	4	3	3	3	6	NA	3	4	3	3	6	4	8	3	3	3	4	3	3	3	3	3	3	4	3	4	5	3	3	3	3	4	3	5	3	9	6	3	3	4	3	3	3	NA	3	NA	6	3	3	3	4	8	3	7	8	5	3	5	3	5	6	9	6	3	6	3	3	3	9	3	3	3	3	3	6	5	4	8	3	4	3	3	8	4	3	7	8	3	3	3	3	3	3	NA	3	10	3	3	3	4	5	3	8	4	4	3	4	7	8	3	3	4	NA	8	8	3	3	3	NA	4	4	5	NA	NA	3	4	4	8	4	3	9	3	3	NA	4	4	3	3	8	3	3	3	9	3	NA	NA	3	3	NA	3	NA	NA	8	9
ran_18.txt	4	3	9	7	3	NA	NA	3	5	3	3	3	3	3	4	3	10	3	4	3	3	3	4	NA	7	5	3	3	9	3	NA	3	3	3	3	5	7	5	5	5	3	3	5	3	8	6	3	6	3	3	4	NA	NA	8	3	3	3	5	4	3	3	3	5	3	3	5	3	3	5	3	3	4	3	4	3	3	5	5	3	3	3	9	NA	3	9	3	3	4	4	3	3	NA	7	4	3	3	8	3	3	6	7	3	3	8	3	7	4	3	5	3	3	4	3	3	5	3	3	4	3	3	4	3	3	5	3	3	3	3	4	3	3	10	NA	3	3	3	3	3	3	NA	3	5	3	3	3	3	4	3	6	8	3	3	3	4	NA	3	5	3	7	8	5	3	3	3	8	3	8	3	NA	4	3	6	3	3	3	3	NA	3	3	NA	5	3	5	3	4	3	3	3	3	6	NA	NA	3	3	NA	3	3	NA	4	5
ran_19.txt	NA	3	3	4	3	NA	NA	3	3	6	3	6	3	3	3	3	4	8	3	3	4	6	4	5	8	3	3	3	6	3	NA	3	3	3	3	3	8	4	3	3	3	4	5	5	3	6	3	3	3	3	9	NA	4	4	3	5	NA	3	NA	3	3	3	3	3	3	3	3	3	3	3	3	3	4	3	3	3	3	5	3	4	3	NA	NA	3	4	3	4	7	3	NA	3	NA	3	3	3	3	5	9	3	NA	4	5	3	8	3	7	8	5	4	3	3	8	3	4	8	3	3	4	3	3	9	3	3	3	3	3	3	3	7	4	4	NA	3	3	3	3	3	3	5	NA	3	7	3	3	3	3	4	4	4	3	3	8	4	5	8	3	3	4	5	4	9	3	3	5	4	3	5	3	NA	10	3	3	3	3	3	5	6	5	3	NA	6	3	3	3	5	3	3	3	3	7	NA	NA	3	4	NA	3	9	NA	4	3
ran_2.txt	8	3	3	5	3	NA	NA	4	9	3	3	3	3	3	10	3	5	3	3	3	3	3	3	8	9	3	4	4	5	3	NA	3	3	3	3	6	6	4	3	4	3	3	5	3	3	7	3	8	3	8	8	NA	8	3	3	3	6	3	9	3	3	4	3	3	3	3	3	3	3	3	4	5	3	3	7	3	3	3	5	5	3	3	5	3	3	3	3	7	3	NA	3	NA	3	NA	3	3	3	3	5	3	6	3	3	3	3	4	NA	5	4	3	5	3	3	3	4	4	3	3	3	3	3	8	3	3	3	3	3	3	5	3	4	7	9	3	3	3	3	3	4	NA	3	4	4	3	3	3	3	3	9	3	5	4	4	6	3	3	3	3	10	8	10	3	3	3	4	3	5	4	NA	6	3	3	3	3	3	3	4	3	3	NA	3	3	3	4	8	9	3	3	3	8	NA	NA	4	3	NA	NA	NA	NA	3	3
ran_20.txt	7	8	3	3	3	NA	NA	7	9	3	3	3	3	3	3	4	3	3	3	3	4	6	7	7	4	3	8	3	5	3	NA	3	3	9	3	5	7	4	3	3	3	4	5	3	3	3	3	4	3	3	5	3	8	9	3	3	8	3	4	3	3	3	6	3	3	3	3	3	3	3	3	3	4	5	3	3	3	3	3	4	5	5	4	4	5	3	3	3	3	4	3	4	3	3	3	3	6	5	5	6	6	3	3	9	3	7	3	3	4	3	5	5	3	3	7	7	3	8	3	3	4	4	4	9	3	3	3	3	5	3	3	3	5	3	3	3	3	3	5	NA	3	3	9	3	3	7	4	3	3	3	10	3	3	3	6	3	3	3	8	9	5	4	3	3	8	3	5	9	NA	5	3	3	3	3	3	3	9	8	3	NA	3	3	3	4	3	3	3	3	7	3	NA	NA	3	4	NA	3	5	NA	4	5
ran_21.txt	3	3	4	3	3	NA	NA	3	7	5	3	3	3	3	8	4	3	9	4	5	5	3	6	7	6	3	6	5	5	4	NA	3	3	10	3	9	6	3	3	8	3	3	3	3	3	3	3	6	4	3	7	6	6	NA	3	3	8	8	3	3	3	3	3	3	3	3	3	3	3	3	5	3	3	9	3	3	6	3	4	3	5	NA	NA	5	3	3	3	6	3	4	3	4	5	3	3	3	3	4	3	3	8	3	3	9	3	3	7	3	7	3	4	3	3	8	7	3	3	6	3	3	NA	9	3	4	3	3	3	3	7	3	3	7	4	3	3	3	3	3	3	NA	3	3	4	3	3	5	4	3	9	3	3	3	4	7	3	3	3	3	NA	8	NA	3	3	3	3	3	5	3	NA	9	3	4	5	3	3	3	7	3	4	NA	3	9	5	4	NA	3	3	3	8	NA	NA	NA	3	3	NA	9	NA	NA	8	3
ran_22.txt	7	3	3	4	3	NA	NA	3	4	5	3	3	3	3	4	6	5	6	4	3	3	4	4	4	NA	3	3	3	3	3	NA	3	3	3	3	5	4	5	3	3	3	3	10	3	3	4	3	5	5	3	9	8	3	3	3	3	5	3	9	3	3	3	3	3	3	3	3	3	3	3	3	3	3	3	4	4	3	3	3	3	6	5	9	9	3	3	3	5	3	NA	3	9	7	4	3	3	7	3	3	9	3	3	3	6	3	6	4	3	3	3	9	3	3	3	8	9	3	3	3	3	4	5	4	3	3	3	3	3	5	3	4	7	5	4	3	3	3	3	3	NA	3	6	3	3	3	5	4	3	8	3	5	3	4	8	9	4	3	3	7	6	6	3	3	3	NA	3	3	3	NA	3	3	4	3	3	3	4	9	3	3	NA	5	3	3	3	10	4	3	3	3	3	NA	NA	3	5	NA	3	3	NA	NA	3
ran_23.txt	8	3	3	3	3	NA	NA	3	3	6	4	4	3	3	4	8	8	3	4	3	3	3	5	NA	3	3	4	3	4	4	NA	3	3	3	3	3	NA	4	3	3	3	4	3	3	6	5	3	4	3	3	4	10	5	4	3	6	NA	3	NA	3	3	3	3	3	3	3	3	3	3	7	4	5	3	4	4	3	8	3	5	3	4	5	4	6	4	3	5	5	3	NA	3	NA	8	9	3	3	5	3	4	NA	3	3	3	6	3	3	4	9	NA	3	6	4	5	5	4	3	3	3	3	3	9	4	3	NA	3	3	3	3	10	3	4	5	NA	3	3	3	3	3	3	NA	3	3	3	3	3	3	4	3	7	4	5	3	3	5	5	3	3	4	6	5	NA	3	3	3	4	3	6	3	NA	9	3	3	7	5	3	3	NA	8	3	NA	3	5	3	3	3	3	3	3	NA	8	NA	NA	3	3	NA	NA	NA	NA	9	3
ran_24.txt	NA	5	10	4	3	NA	NA	5	3	3	3	3	5	3	4	3	7	NA	3	3	8	3	4	7	4	3	4	6	3	3	NA	3	3	3	4	3	4	3	3	4	3	4	7	3	4	3	5	4	3	4	3	NA	4	NA	3	3	8	3	8	3	3	3	3	3	3	5	3	3	8	3	4	5	6	3	5	3	6	4	4	3	3	NA	NA	3	3	3	3	3	4	9	3	8	8	4	4	3	7	8	5	NA	4	3	3	5	3	3	8	3	7	3	8	6	3	3	3	10	3	9	3	5	3	9	3	5	3	4	3	3	NA	3	5	7	3	3	3	3	3	3	3	NA	3	3	5	3	3	5	3	3	10	3	4	3	3	7	4	3	4	3	3	6	7	3	3	4	NA	3	3	3	NA	6	3	3	3	5	3	3	6	3	3	NA	3	4	3	4	6	6	3	3	NA	NA	NA	NA	3	3	NA	NA	NA	NA	9	3
ran_25.txt	NA	4	3	5	3	NA	NA	3	NA	6	3	3	3	3	NA	3	7	7	4	5	3	5	5	8	3	4	4	3	3	7	NA	3	3	4	3	3	NA	5	3	5	3	4	3	3	6	8	4	9	3	3	3	3	7	8	3	3	3	3	4	3	3	4	3	3	3	5	3	3	3	3	4	7	5	4	4	4	5	3	3	5	3	NA	4	6	7	3	3	4	3	9	3	NA	6	5	3	3	7	3	3	NA	4	3	3	9	3	4	3	5	4	3	4	3	6	3	4	3	3	6	3	3	5	5	3	3	3	3	3	3	NA	3	3	NA	5	3	3	3	3	3	3	NA	3	7	4	3	3	4	3	3	NA	3	4	3	3	9	3	3	3	3	9	3	NA	5	3	3	3	3	4	3	NA	3	3	3	4	3	6	3	NA	3	4	NA	5	3	3	3	8	4	3	3	9	4	NA	NA	3	3	NA	NA	NA	NA	6	3
ran_26.txt	8	3	3	7	3	NA	NA	3	3	3	3	3	4	3	5	3	7	6	3	3	4	3	8	3	4	6	3	6	4	3	NA	3	3	3	3	3	9	3	3	3	3	3	3	3	5	7	3	5	3	7	5	7	NA	NA	3	4	NA	3	5	3	3	3	5	3	3	4	3	3	3	3	3	5	3	3	7	3	5	3	3	3	5	8	NA	3	4	3	3	8	3	7	3	NA	3	NA	3	3	4	5	3	5	3	3	3	4	3	9	3	4	6	3	5	6	3	4	3	3	3	3	3	3	NA	8	3	4	3	5	3	3	3	4	3	5	NA	3	3	3	3	3	8	NA	3	7	5	3	3	3	5	3	9	3	4	3	3	5	4	3	3	3	5	10	NA	3	3	3	8	3	5	3	NA	8	3	3	3	3	3	3	NA	4	3	NA	3	6	6	3	4	5	3	3	8	NA	NA	NA	3	3	NA	3	7	NA	5	3
ran_27.txt	NA	3	5	3	4	NA	NA	3	8	3	3	3	3	3	3	8	3	5	3	3	7	3	4	NA	8	4	3	5	3	3	NA	3	3	3	3	5	8	3	3	5	3	3	5	3	3	4	3	4	3	3	6	9	4	9	4	3	8	3	NA	3	3	3	4	3	3	3	3	3	3	3	4	5	4	3	8	3	7	3	3	5	4	NA	5	3	3	3	4	6	5	9	3	6	7	7	3	3	3	5	5	NA	8	3	3	4	3	4	5	8	9	3	3	3	3	3	8	3	3	3	3	3	9	NA	3	5	3	3	3	3	3	3	3	NA	NA	3	3	3	3	3	4	NA	3	4	4	3	3	3	3	3	NA	5	3	3	3	3	3	3	3	3	3	4	NA	9	3	3	7	3	3	3	NA	5	3	3	3	4	4	3	NA	3	4	NA	6	3	3	3	NA	6	3	3	8	9	NA	NA	3	3	NA	6	6	NA	5	3
ran_28.txt	9	3	7	4	3	NA	NA	3	7	3	5	3	3	3	5	3	3	3	3	3	3	7	8	9	3	3	3	3	6	3	NA	3	3	5	3	3	8	6	3	4	3	3	8	3	3	4	3	8	3	3	4	9	NA	3	3	4	7	3	10	3	3	3	3	3	3	3	3	4	3	3	3	3	3	3	6	3	3	3	4	8	5	NA	NA	3	3	3	3	4	4	NA	3	4	6	8	3	3	7	7	3	5	9	3	3	3	3	7	3	3	9	4	4	4	3	3	6	3	3	3	3	3	3	9	3	3	3	3	3	3	8	3	3	4	7	3	3	3	3	3	3	NA	3	4	3	3	3	7	5	3	3	4	4	4	3	9	6	8	3	3	10	10	7	3	3	4	NA	3	3	8	NA	6	3	3	4	4	3	5	3	3	4	NA	6	3	3	3	8	3	3	3	8	6	NA	NA	4	3	NA	10	9	NA	9	6
ran_29.txt	7	5	8	5	5	NA	NA	5	4	3	5	3	3	3	4	3	3	9	3	3	6	3	7	7	3	3	3	3	4	9	NA	3	3	6	3	6	5	3	3	4	3	4	8	3	4	3	3	3	6	3	3	8	8	3	3	3	6	4	8	4	3	3	5	3	3	3	3	3	3	3	3	5	3	3	3	3	3	4	3	6	4	NA	8	3	3	3	3	7	3	7	3	NA	NA	4	3	3	8	3	3	7	3	3	3	8	3	3	5	6	9	5	3	3	3	3	4	4	3	3	4	3	3	NA	3	3	3	3	3	3	5	3	3	NA	7	4	3	3	3	3	4	NA	3	4	3	3	3	4	3	3	8	3	7	3	4	5	8	3	3	3	9	5	7	6	3	3	9	3	3	3	NA	3	3	7	3	3	3	3	NA	3	3	NA	9	4	3	5	8	3	3	3	8	NA	NA	NA	3	3	NA	NA	NA	NA	11	5
ran_3.txt	9	3	4	3	3	NA	NA	3	3	3	3	3	3	3	3	3	5	4	4	3	3	5	8	8	6	3	3	3	4	9	NA	3	3	5	3	5	NA	3	4	9	3	5	9	4	5	4	3	4	3	3	5	5	3	3	3	3	5	3	NA	3	3	3	3	3	3	3	3	3	5	4	5	3	6	3	4	3	4	3	5	3	10	4	NA	4	5	3	7	3	3	4	3	7	4	7	3	3	3	6	3	9	7	3	3	10	5	9	4	4	3	3	10	3	3	3	5	3	3	3	3	3	7	9	3	4	3	5	3	3	7	3	3	NA	7	3	3	3	3	3	4	NA	3	6	3	3	3	3	3	3	7	3	7	6	7	4	3	3	3	3	9	7	4	5	3	3	6	3	5	3	NA	9	3	4	3	3	3	3	8	3	3	NA	5	3	4	3	6	3	3	3	3	9	NA	NA	6	6	NA	3	3	NA	6	7
ran_30.txt	8	3	3	8	3	NA	NA	3	3	3	3	4	3	3	6	8	3	3	3	3	8	5	3	NA	4	3	3	3	6	3	NA	3	3	3	3	6	3	5	3	4	3	3	4	3	3	6	5	6	4	3	9	7	7	6	3	3	4	3	NA	3	3	3	4	3	3	3	3	3	3	3	3	3	3	3	4	3	3	3	3	3	5	3	NA	4	4	5	4	3	4	NA	3	10	3	8	3	3	3	3	3	4	6	3	3	3	3	10	3	8	NA	3	7	3	5	3	5	6	3	3	7	3	4	3	3	8	3	3	3	3	4	3	3	9	6	3	3	3	3	3	3	NA	3	5	3	3	3	4	6	3	8	3	9	3	3	5	4	3	3	3	5	NA	6	3	3	3	NA	3	3	3	NA	5	3	5	3	3	3	3	4	5	3	NA	3	9	3	3	9	3	3	4	NA	9	NA	NA	3	3	NA	7	NA	NA	3	4
ran_31.txt	3	3	8	4	3	NA	NA	5	NA	3	4	3	3	3	8	6	3	4	3	3	4	5	5	NA	3	3	6	6	3	3	NA	3	3	9	3	3	NA	3	3	5	3	3	10	3	9	7	3	4	3	3	6	3	9	3	5	3	4	3	NA	3	3	3	5	3	3	3	3	3	3	5	4	7	3	3	3	3	3	3	3	3	4	8	4	6	3	3	3	3	3	8	3	8	3	5	3	3	4	5	6	7	7	3	3	4	3	8	5	3	3	8	9	3	4	6	6	4	3	3	3	3	4	3	3	NA	3	3	3	3	9	4	3	4	NA	3	3	3	3	3	3	NA	3	NA	3	3	3	3	7	3	NA	5	5	3	3	5	7	3	3	3	NA	3	7	3	3	4	9	4	9	3	NA	5	3	3	5	3	3	3	7	3	3	NA	4	5	3	3	5	5	3	3	3	NA	NA	NA	3	3	NA	9	NA	NA	9	7
ran_32.txt	8	3	4	3	3	NA	NA	3	NA	3	3	3	3	3	5	3	4	4	3	3	4	3	9	7	4	3	3	3	6	5	NA	3	3	5	3	3	7	6	4	4	3	3	3	3	3	3	6	9	3	3	4	NA	8	4	4	5	NA	3	4	3	3	3	3	3	3	4	4	3	6	3	5	8	5	3	3	3	6	7	3	7	3	NA	9	6	3	4	3	3	3	9	4	7	3	4	3	3	4	8	3	8	4	3	3	3	5	5	6	3	7	3	4	4	3	4	4	3	3	3	3	3	4	7	3	4	3	3	3	3	7	5	4	3	8	3	3	3	3	3	3	NA	3	4	4	3	3	4	4	3	6	3	6	3	3	3	3	3	3	3	5	8	7	3	3	3	NA	3	9	4	NA	NA	3	3	3	3	3	3	6	3	3	NA	5	3	6	3	3	3	3	3	5	7	NA	NA	3	4	NA	4	NA	NA	3	4
ran_33.txt	NA	3	3	3	3	NA	NA	3	NA	3	4	4	3	3	NA	4	10	4	3	3	6	3	3	NA	4	3	3	4	6	8	NA	3	3	4	3	5	9	3	3	5	3	3	3	3	6	6	5	NA	3	7	3	7	NA	NA	3	4	NA	3	7	3	3	3	6	3	3	3	3	3	4	6	3	3	3	3	5	3	3	5	3	3	3	6	NA	5	3	3	3	4	3	6	3	NA	7	5	3	3	3	4	3	4	3	4	3	7	4	3	10	6	3	3	5	4	3	3	6	9	3	3	3	3	7	8	3	3	3	3	3	3	4	3	3	3	4	3	3	3	5	3	4	NA	3	3	3	3	3	3	3	3	NA	5	3	6	4	5	3	3	3	3	NA	3	NA	3	3	4	5	3	4	4	NA	3	3	4	5	3	3	3	NA	3	3	NA	4	3	6	3	9	3	3	3	7	3	NA	NA	3	3	NA	8	3	NA	4	4
ran_34.txt	7	3	5	4	3	NA	NA	3	3	6	5	3	3	3	NA	3	5	4	3	3	7	8	3	7	7	4	3	3	3	3	NA	3	3	3	3	3	NA	5	3	3	3	3	5	3	3	4	8	8	3	6	NA	NA	8	NA	3	3	8	4	9	3	3	3	3	3	3	3	3	3	3	3	3	5	4	4	3	3	4	5	5	8	3	5	8	5	4	3	3	9	6	3	3	7	3	4	3	3	3	3	9	6	7	3	3	3	3	4	8	4	3	3	3	7	4	3	3	10	3	3	3	3	3	3	3	4	3	3	3	3	3	3	3	NA	NA	3	3	3	3	3	3	NA	3	4	3	3	3	4	3	4	9	3	9	3	3	5	3	3	3	3	3	9	7	4	3	7	7	3	8	3	NA	4	3	5	5	3	3	3	4	3	3	NA	5	3	3	3	NA	4	4	3	3	NA	NA	NA	4	3	NA	8	4	NA	10	4
ran_35.txt	NA	3	NA	5	4	NA	NA	6	9	3	3	3	4	3	4	3	4	3	4	3	4	3	4	5	NA	3	3	3	3	10	NA	3	3	7	3	3	9	3	3	4	3	3	4	5	3	8	5	NA	3	3	5	8	9	7	3	3	9	3	3	3	3	5	3	3	3	3	3	3	3	3	3	7	3	3	3	3	3	3	3	8	6	NA	8	5	4	3	3	4	3	5	3	8	3	6	3	3	4	3	4	4	9	3	4	8	5	4	3	3	7	3	4	3	4	3	7	6	3	3	4	3	4	3	3	7	3	5	3	3	3	6	3	8	4	3	3	3	3	3	3	NA	3	3	3	3	3	4	3	3	8	3	3	3	5	8	8	4	3	3	3	3	NA	8	3	3	3	3	4	3	NA	6	3	3	3	4	3	3	6	3	3	NA	4	5	3	3	NA	3	3	4	11	NA	NA	NA	4	3	NA	8	NA	NA	4	3
ran_36.txt	6	3	7	3	3	NA	NA	4	3	3	3	3	3	3	5	5	5	3	3	3	3	3	4	NA	5	3	5	3	5	6	NA	3	3	3	3	3	8	5	4	5	3	3	5	5	3	5	3	3	3	3	10	4	7	3	4	3	4	3	8	3	3	3	5	3	3	5	3	3	4	3	3	6	4	5	8	3	3	3	3	4	4	NA	3	8	4	3	3	3	3	4	3	3	3	NA	3	3	4	5	5	9	4	3	3	5	3	8	NA	5	3	3	5	3	5	3	10	3	3	4	5	3	NA	6	3	4	3	3	3	3	5	3	3	NA	3	3	3	3	3	3	3	NA	3	5	3	3	3	5	3	3	NA	3	3	4	5	6	7	3	3	3	9	3	9	3	3	3	8	3	6	3	NA	9	3	3	3	3	3	3	NA	3	3	NA	9	3	3	3	7	3	3	3	NA	8	NA	NA	3	4	NA	NA	7	NA	3	3
ran_37.txt	NA	3	3	4	3	NA	NA	3	3	5	3	3	3	3	3	3	3	8	7	3	9	3	7	NA	8	3	3	3	3	8	NA	3	3	4	3	3	6	3	3	3	3	4	5	5	3	9	3	3	3	3	3	4	NA	3	3	4	4	3	3	3	3	3	7	3	3	3	3	3	3	3	3	6	3	3	3	3	3	5	4	5	3	NA	NA	3	3	3	3	7	5	NA	3	NA	7	4	3	3	8	7	3	4	NA	3	3	8	4	7	3	3	5	3	7	3	3	3	4	5	3	5	3	4	8	4	3	3	3	3	3	3	5	6	7	NA	3	3	3	3	3	4	3	NA	3	5	3	3	3	5	3	3	4	6	4	4	3	4	3	3	3	3	7	3	10	5	3	3	7	3	3	4	NA	7	3	5	3	3	3	3	3	3	5	NA	7	4	4	3	8	8	3	5	NA	6	NA	NA	3	3	NA	8	4	NA	4	3
ran_38.txt	5	3	7	4	3	NA	NA	3	3	3	3	5	3	3	6	8	6	5	5	3	5	8	8	9	3	3	3	3	3	3	NA	3	3	4	3	4	NA	4	3	3	3	3	3	3	3	5	3	5	3	3	5	NA	NA	7	3	3	5	3	NA	3	3	3	5	3	3	3	3	3	3	3	7	3	3	5	3	3	3	8	3	4	8	7	NA	3	3	3	3	4	3	8	3	7	6	4	3	3	4	7	3	9	7	3	3	10	3	7	6	7	6	3	3	4	3	3	4	5	3	4	4	3	7	5	3	3	3	3	3	3	3	3	3	NA	3	6	3	3	3	3	3	NA	3	3	3	3	3	5	5	3	8	3	7	3	3	8	NA	3	3	3	8	8	3	3	3	3	6	3	3	3	NA	3	3	4	3	3	3	3	3	3	3	NA	3	3	6	3	5	3	3	3	NA	5	NA	NA	3	3	NA	NA	4	NA	3	6
ran_39.txt	NA	3	4	3	5	NA	NA	3	6	6	3	3	3	3	5	7	8	8	3	3	7	5	4	10	4	3	4	4	3	5	NA	3	3	3	3	3	9	5	3	9	3	4	5	5	5	3	3	3	5	3	4	NA	5	6	3	3	3	3	8	3	3	3	3	3	3	3	5	3	6	3	3	4	5	3	5	4	4	7	3	3	3	5	NA	4	4	3	5	3	3	NA	3	6	4	8	3	3	NA	3	7	7	9	3	3	5	3	7	4	5	7	3	5	3	3	3	5	6	3	3	3	3	3	3	3	3	3	3	3	3	8	5	9	NA	5	3	3	3	3	3	3	NA	3	3	3	3	3	3	3	3	NA	3	5	6	3	3	6	3	3	3	5	8	4	3	3	3	7	3	8	3	NA	3	3	6	3	4	3	3	NA	3	3	NA	3	3	4	4	4	7	3	3	NA	NA	NA	NA	4	3	NA	3	NA	NA	6	3
ran_4.txt	4	3	7	5	3	NA	NA	3	5	5	3	3	3	3	3	3	6	8	6	3	3	3	6	NA	NA	3	3	3	3	3	NA	3	3	4	3	3	8	6	5	4	3	3	4	3	4	7	3	8	3	5	5	NA	4	NA	3	3	9	3	8	3	3	3	3	3	3	3	3	3	3	3	4	3	3	5	4	5	3	4	3	3	3	8	NA	4	5	8	3	7	5	NA	3	9	9	NA	3	3	5	4	3	10	9	5	3	4	3	3	5	8	3	3	6	3	3	5	4	3	3	3	3	3	3	8	3	3	3	3	3	3	3	4	7	4	7	3	3	3	3	3	3	NA	3	3	4	3	3	3	3	3	NA	6	6	3	3	10	3	3	3	3	3	3	NA	5	3	3	3	3	3	3	NA	6	3	3	5	3	4	4	6	3	3	NA	3	3	4	3	NA	4	3	3	5	7	NA	NA	3	3	NA	NA	9	NA	4	3
ran_40.txt	6	3	5	3	3	NA	NA	3	7	4	3	3	3	3	3	8	8	7	3	3	6	3	8	NA	4	3	3	3	3	6	NA	3	3	3	3	4	NA	8	3	4	3	3	9	3	6	3	3	9	3	3	5	7	8	4	3	3	6	3	4	3	3	3	3	3	4	3	3	3	3	6	9	3	3	3	3	3	3	3	3	7	3	9	5	3	3	3	3	3	5	6	3	10	3	6	3	3	NA	3	3	3	6	3	3	9	3	4	8	3	4	4	7	3	3	3	8	3	3	3	4	3	7	7	4	3	3	3	3	3	6	3	3	3	8	4	3	3	3	3	3	NA	3	3	3	3	3	5	3	3	8	3	4	3	3	8	3	6	3	3	10	6	3	4	3	3	6	3	5	3	NA	3	3	3	5	3	3	3	7	3	3	NA	9	3	3	4	10	3	3	3	9	4	NA	NA	3	3	NA	4	NA	NA	3	4
ran_41.txt	3	3	5	3	5	NA	NA	3	3	3	5	3	3	3	8	3	9	3	3	3	3	5	8	8	6	3	3	3	5	3	NA	3	3	3	3	3	3	3	3	4	3	3	3	3	3	5	3	4	3	3	8	NA	5	3	3	3	NA	3	NA	3	3	3	3	3	3	5	3	3	3	3	3	5	3	4	3	3	5	6	3	6	5	4	3	5	3	3	3	3	3	NA	3	5	3	8	4	3	4	4	4	9	9	4	3	3	5	10	9	3	3	3	5	3	3	3	8	5	3	3	3	3	6	6	3	8	3	5	3	3	3	7	3	4	3	6	3	3	3	3	3	NA	3	8	3	3	3	5	8	3	4	4	3	4	3	3	4	3	3	3	7	NA	9	4	3	3	9	3	3	3	NA	10	3	3	3	3	3	3	7	7	3	NA	8	3	3	5	3	3	3	3	NA	5	NA	NA	3	3	NA	10	7	NA	8	3
ran_42.txt	4	4	5	3	3	NA	NA	3	7	4	3	3	3	3	5	3	3	7	3	3	3	5	3	NA	8	3	5	4	3	8	NA	3	3	5	3	3	10	4	3	4	4	3	7	3	4	8	3	7	5	3	5	NA	8	NA	3	3	9	3	8	3	3	3	3	3	3	3	3	3	4	3	8	3	3	4	3	3	3	3	4	3	4	5	9	9	7	3	3	4	7	NA	3	NA	3	9	3	3	5	4	3	5	4	3	3	4	5	4	4	4	10	3	3	4	3	3	8	3	3	3	3	3	3	4	3	3	3	3	3	3	8	3	6	9	10	3	3	3	3	3	3	NA	3	3	4	3	3	3	10	3	7	3	3	6	4	9	4	3	3	3	4	NA	10	5	3	3	NA	3	4	3	NA	6	3	7	4	3	6	5	NA	3	3	NA	4	6	4	3	7	7	3	3	4	3	NA	NA	3	3	NA	NA	NA	NA	5	5
ran_43.txt	5	3	3	3	3	NA	NA	4	3	3	3	3	4	3	8	7	4	3	3	3	7	5	3	9	8	3	3	3	5	5	NA	3	3	9	3	6	3	5	5	3	3	3	6	7	3	3	6	7	5	3	3	NA	8	NA	3	3	8	3	NA	3	3	3	7	3	3	6	3	3	3	3	3	4	3	4	3	3	3	3	3	3	4	9	4	4	3	3	3	5	5	NA	3	10	3	NA	3	3	8	3	5	NA	3	3	3	3	6	9	3	4	NA	3	5	3	3	5	3	3	3	3	3	3	NA	8	3	5	3	4	3	3	5	3	7	NA	8	9	3	3	3	3	3	NA	3	3	3	3	3	5	3	3	9	7	5	4	3	6	NA	3	3	3	4	3	9	3	3	3	9	6	4	3	NA	10	3	5	3	5	4	5	10	4	4	NA	3	3	5	3	NA	4	3	3	4	NA	NA	NA	4	3	NA	7	NA	NA	4	3
ran_44.txt	3	3	4	3	3	NA	NA	3	4	3	3	3	3	3	3	8	4	8	5	3	9	3	4	4	9	3	4	5	3	8	NA	3	3	10	3	4	6	6	3	4	3	5	7	3	5	5	4	9	4	3	8	NA	7	8	3	8	9	3	11	3	3	3	3	3	3	3	3	3	3	3	3	5	3	3	3	4	5	3	6	3	3	3	7	5	6	3	3	4	3	8	3	3	5	5	3	3	4	6	7	6	3	3	3	6	3	3	5	7	7	3	3	3	3	3	8	3	3	3	4	3	8	NA	3	5	3	3	3	3	10	4	3	6	4	3	3	3	3	3	3	NA	3	3	3	3	3	8	5	3	4	3	5	3	4	3	5	3	3	3	5	7	3	3	3	4	NA	4	5	4	NA	5	3	8	4	5	8	3	4	3	3	NA	3	5	3	3	NA	3	3	3	6	5	NA	NA	3	5	NA	10	NA	NA	4	3
ran_45.txt	NA	3	4	3	3	NA	NA	3	5	3	4	3	3	3	8	4	3	5	3	4	3	5	3	10	8	3	3	3	3	3	NA	3	3	3	3	3	4	4	3	5	3	3	3	3	4	9	4	3	3	5	9	5	4	NA	3	3	8	3	3	3	3	3	3	3	3	3	3	3	4	3	5	3	3	3	9	3	8	3	3	5	5	9	NA	8	3	3	3	5	3	8	3	9	3	4	3	3	4	4	3	9	5	3	3	6	3	3	4	9	3	4	3	9	3	3	5	10	3	3	3	3	NA	7	3	4	3	4	3	3	3	5	3	NA	3	8	3	3	3	3	4	NA	3	3	3	3	3	4	3	3	NA	8	4	3	4	NA	8	3	3	3	5	5	10	8	3	3	3	4	4	4	NA	3	3	3	3	4	3	3	3	5	6	NA	7	3	4	3	3	3	5	3	3	6	NA	NA	4	4	NA	4	NA	NA	4	3
ran_46.txt	7	3	6	4	3	NA	NA	4	9	3	4	3	3	3	8	4	3	4	3	5	3	8	4	NA	10	3	4	3	3	4	NA	3	3	4	3	5	3	3	3	4	3	3	7	3	4	5	3	3	8	3	3	NA	NA	NA	3	3	7	3	8	3	3	3	5	3	3	6	3	3	4	3	5	3	3	3	8	3	3	3	3	5	4	3	7	3	3	3	3	4	4	4	3	7	4	3	3	3	8	9	3	NA	NA	3	3	6	3	4	3	3	3	3	4	3	4	3	4	7	3	3	3	3	3	9	3	5	3	3	3	3	3	4	3	NA	3	3	3	3	5	3	3	NA	3	9	5	3	3	4	3	3	NA	4	3	4	3	7	7	3	3	4	NA	7	9	7	3	6	4	3	4	3	NA	4	3	3	5	5	3	3	9	3	3	NA	5	3	5	3	4	3	3	3	10	NA	NA	NA	5	4	NA	8	6	NA	NA	3
ran_47.txt	NA	3	5	3	3	NA	NA	3	3	3	3	3	3	3	7	3	8	3	3	3	6	5	8	NA	9	3	5	3	3	5	NA	3	3	3	3	4	NA	4	3	5	3	3	3	3	3	3	3	3	3	3	7	NA	8	NA	3	3	7	3	NA	3	3	3	3	3	3	3	3	3	3	3	4	5	5	3	5	3	3	5	3	3	6	7	NA	3	5	5	5	8	3	5	3	3	3	4	3	3	NA	5	3	5	6	3	3	7	3	7	NA	6	NA	5	4	3	3	6	7	3	3	7	5	3	3	9	3	3	3	3	3	3	7	3	3	8	4	3	3	3	3	3	3	NA	3	8	3	3	3	5	3	3	NA	3	4	6	6	5	3	3	3	3	7	9	5	5	3	5	NA	3	3	3	NA	6	3	3	8	4	6	4	4	3	3	NA	3	3	7	3	NA	3	3	3	NA	5	NA	NA	3	5	NA	5	3	NA	8	5
ran_48.txt	NA	4	3	3	3	NA	NA	4	6	5	3	3	3	3	4	8	3	4	4	3	5	10	4	9	4	3	3	3	3	3	NA	3	3	3	3	3	6	3	6	3	3	3	5	3	6	3	9	6	3	3	9	3	7	NA	3	5	9	3	7	3	3	3	4	3	3	3	3	3	5	3	6	3	3	3	4	5	4	3	4	3	3	10	3	3	4	3	4	3	5	NA	3	NA	4	8	3	3	4	6	3	NA	9	3	3	4	3	6	3	4	10	5	7	3	3	3	5	3	3	4	5	3	5	7	3	4	3	3	3	3	3	3	7	NA	NA	3	3	3	3	3	3	NA	3	4	3	3	3	3	7	3	6	3	10	3	3	5	7	3	3	3	3	8	9	5	3	3	9	3	8	5	NA	3	3	3	5	3	5	3	6	3	3	NA	5	3	3	5	NA	5	3	3	NA	NA	NA	NA	3	5	NA	7	NA	NA	8	3
ran_49.txt	NA	3	3	5	3	NA	NA	4	4	8	5	5	4	3	3	8	9	3	3	3	5	4	3	NA	7	3	5	3	9	5	NA	3	3	7	3	5	NA	3	6	9	3	4	8	4	5	3	5	NA	3	3	6	7	5	9	3	3	NA	3	8	3	3	3	5	3	3	3	5	3	3	5	3	5	7	3	9	3	3	3	4	3	4	7	3	5	6	3	3	3	3	4	3	NA	7	9	3	3	NA	5	3	NA	9	3	3	4	3	5	3	4	3	3	3	3	3	4	5	6	3	4	3	3	4	10	3	3	4	3	3	3	4	4	3	5	8	3	3	3	3	3	3	NA	3	4	3	3	3	6	4	3	NA	6	3	6	3	8	7	4	3	3	5	4	3	3	3	3	3	3	4	3	NA	4	3	3	4	3	3	3	8	4	3	NA	8	3	6	3	4	3	3	3	3	9	NA	NA	3	3	NA	8	NA	NA	8	3
ran_5.txt	3	3	4	7	3	NA	NA	3	3	3	4	3	4	3	5	5	4	5	3	3	5	3	6	4	5	3	3	3	3	4	NA	3	3	3	3	3	NA	3	8	9	3	3	3	3	3	3	3	6	3	3	3	NA	NA	NA	3	3	3	3	NA	3	3	3	3	3	3	8	3	3	3	3	4	3	3	3	6	3	3	3	3	3	6	NA	9	3	3	3	3	NA	4	8	3	5	4	5	3	3	4	NA	3	NA	9	6	3	3	5	4	9	5	5	3	3	3	3	3	NA	3	3	5	3	3	3	NA	3	7	3	3	3	3	6	4	3	NA	3	4	3	3	3	3	3	NA	3	3	3	3	3	3	4	3	NA	3	3	4	3	4	3	3	3	3	6	8	NA	6	3	3	NA	3	3	5	NA	3	3	8	5	3	3	3	NA	3	3	NA	6	4	5	3	3	8	3	3	NA	NA	NA	NA	3	8	NA	7	8	NA	3	3
ran_50.txt	NA	3	4	4	3	NA	NA	3	4	3	3	3	4	3	10	3	3	5	3	3	9	4	3	NA	3	3	3	3	3	7	NA	3	3	3	3	3	4	3	8	3	3	3	3	3	3	6	8	NA	3	3	6	5	NA	4	3	3	3	3	10	3	3	3	4	3	3	3	3	3	5	3	4	5	3	3	3	3	5	6	4	3	3	3	8	5	3	3	3	10	3	8	3	5	5	5	3	3	4	5	3	NA	NA	3	3	3	3	10	9	5	4	3	10	6	3	3	8	3	3	5	3	3	9	5	3	3	3	3	3	3	3	4	8	NA	8	4	3	3	3	3	3	NA	3	3	5	3	3	3	4	3	6	3	8	3	3	6	6	3	3	3	5	5	7	3	3	3	NA	3	4	3	NA	7	3	4	6	7	3	8	NA	3	3	NA	4	6	3	4	NA	4	3	3	10	8	NA	NA	4	4	NA	6	NA	NA	7	3
ran_51.txt	NA	3	9	6	3	NA	NA	5	3	5	5	6	3	3	3	3	3	5	3	3	4	8	4	10	9	4	4	4	3	4	NA	3	3	3	3	7	9	3	3	3	3	4	7	3	3	5	3	4	4	4	NA	NA	4	NA	3	3	7	3	8	3	3	3	5	3	3	3	3	3	3	3	5	3	3	3	3	4	3	3	3	3	6	5	NA	8	3	3	5	4	3	NA	3	5	3	8	3	3	9	4	3	6	4	3	3	6	3	3	9	5	4	3	8	6	3	3	4	9	3	3	3	3	6	4	3	8	3	3	3	3	10	5	3	NA	4	3	3	3	3	3	3	NA	3	5	3	3	3	3	3	3	3	8	3	3	5	10	3	3	3	3	9	5	NA	6	3	3	5	3	4	3	NA	3	3	5	8	3	4	3	NA	4	5	NA	9	3	5	3	7	3	3	3	6	5	NA	NA	4	3	NA	NA	9	NA	8	7
ran_52.txt	NA	3	9	3	3	NA	NA	3	3	5	3	3	3	3	5	3	NA	3	6	3	NA	3	8	9	3	3	3	3	3	4	NA	3	3	9	3	3	8	3	3	6	3	3	3	3	4	9	3	NA	3	4	8	NA	9	NA	3	3	3	3	5	3	3	3	8	3	3	3	3	4	3	4	3	9	3	3	6	3	6	4	3	3	6	NA	4	4	4	3	3	6	3	4	3	8	4	3	3	3	4	NA	3	NA	5	3	3	3	3	7	7	6	9	3	5	3	3	3	NA	7	3	3	3	3	5	5	3	3	3	3	3	3	8	4	3	7	3	3	3	3	3	3	3	NA	3	9	3	3	3	3	4	3	NA	3	3	3	3	3	4	5	3	3	3	7	4	3	3	3	8	3	4	3	NA	3	3	4	3	5	3	4	7	3	5	NA	7	4	4	5	4	3	3	4	7	9	NA	NA	5	3	NA	7	4	NA	3	8
ran_53.txt	9	3	3	3	3	NA	NA	3	3	3	3	3	3	3	NA	4	5	3	8	3	3	3	4	9	4	3	4	3	3	3	NA	3	3	3	3	9	NA	3	3	8	3	3	8	3	3	3	3	7	8	3	8	7	4	NA	3	4	NA	3	3	3	3	3	3	3	3	3	3	3	3	3	4	4	3	3	4	3	3	5	4	3	3	NA	NA	3	4	3	3	3	5	4	3	NA	5	9	3	3	5	5	4	NA	NA	3	3	3	5	5	8	7	5	3	6	4	3	4	3	3	3	3	3	3	5	4	3	3	3	4	3	3	3	3	5	9	3	3	3	3	3	3	3	NA	3	9	5	3	3	5	5	3	NA	5	3	3	4	4	5	3	3	3	5	4	NA	3	3	4	8	3	4	3	NA	5	3	3	3	5	3	4	9	3	3	NA	8	3	7	4	7	5	3	3	NA	NA	NA	NA	3	3	NA	8	7	NA	4	7
ran_54.txt	3	3	3	4	3	NA	NA	3	3	6	3	3	5	3	5	6	8	4	3	3	3	4	6	7	9	3	3	3	4	3	NA	3	3	4	3	3	8	3	3	NA	3	3	10	3	3	5	8	10	3	3	5	9	NA	9	3	3	3	3	5	3	3	3	7	3	5	4	4	3	3	8	5	5	8	3	4	3	4	3	4	3	3	10	3	9	4	3	3	3	3	3	3	6	3	4	3	3	6	3	3	NA	5	3	3	3	4	4	4	9	5	3	3	3	5	3	5	5	3	5	8	3	8	5	3	4	3	5	3	3	5	3	4	NA	NA	3	3	3	3	3	3	NA	3	4	3	3	3	3	4	3	3	3	4	3	3	NA	8	3	3	3	9	4	NA	3	3	3	9	3	6	6	NA	NA	3	3	9	3	8	3	NA	7	3	NA	3	5	3	3	8	3	3	3	4	7	NA	NA	3	3	NA	6	4	NA	NA	5
ran_55.txt	NA	3	8	3	5	NA	NA	6	8	3	3	3	3	3	4	4	7	3	5	3	7	3	3	3	9	3	3	3	8	3	NA	3	3	8	3	5	NA	4	3	3	3	5	5	3	4	5	5	NA	5	3	8	7	NA	NA	3	3	NA	3	NA	3	3	5	5	3	3	3	3	3	5	5	4	5	3	5	4	3	3	5	5	3	3	9	7	3	3	3	3	3	3	NA	4	8	3	5	3	3	5	4	5	8	9	3	3	5	3	9	4	6	3	3	4	3	3	4	7	8	3	3	3	3	8	7	3	8	3	3	3	3	8	3	4	NA	4	4	3	3	3	3	3	NA	3	7	3	3	3	5	3	3	8	3	3	3	3	4	4	3	3	3	NA	NA	3	3	3	3	4	3	4	3	NA	5	3	3	9	3	3	3	7	3	4	NA	3	3	5	5	NA	5	3	3	3	NA	NA	NA	3	4	NA	3	NA	NA	9	3
ran_56.txt	4	3	3	6	3	NA	NA	3	4	3	4	3	3	3	3	8	4	3	3	3	4	3	4	7	3	3	3	3	9	4	NA	3	3	4	3	5	5	4	3	6	3	5	9	3	5	4	6	3	3	4	3	NA	NA	NA	3	4	7	3	3	3	3	3	4	3	3	3	3	3	3	3	3	3	6	8	6	5	4	3	3	4	8	3	NA	3	3	3	3	7	3	4	4	3	8	5	3	3	4	4	3	4	7	3	3	8	3	3	6	3	3	4	8	5	3	3	5	4	3	8	3	3	5	5	3	5	3	3	3	3	3	6	4	NA	3	6	3	3	3	3	3	NA	3	8	4	3	3	4	3	3	9	3	3	3	3	NA	4	5	3	4	6	5	NA	7	3	3	5	3	8	3	NA	9	3	3	3	5	3	3	5	3	3	NA	9	3	3	3	3	4	3	4	NA	9	NA	NA	4	3	NA	6	4	NA	3	7
ran_57.txt	5	3	5	4	3	NA	NA	5	3	6	3	3	4	3	3	3	3	5	3	3	3	8	8	8	8	5	3	3	4	3	NA	3	3	7	3	5	7	3	3	6	3	3	5	4	3	3	3	NA	3	3	3	NA	NA	8	3	3	NA	3	9	3	3	3	4	3	3	3	3	3	3	4	7	3	5	3	3	3	5	3	5	5	4	9	NA	3	3	3	3	4	3	7	3	NA	3	3	3	3	3	4	3	3	3	3	3	9	3	3	10	3	4	3	3	5	3	4	4	3	3	4	5	4	3	4	3	4	3	3	3	3	5	3	3	4	3	4	3	3	3	3	3	NA	3	5	3	3	3	3	5	3	NA	8	5	3	3	6	3	3	3	3	10	8	3	3	3	3	NA	4	6	4	NA	3	3	3	3	5	3	3	9	3	3	NA	7	3	4	3	9	3	3	3	8	5	NA	NA	3	3	NA	4	NA	NA	3	5
ran_58.txt	8	3	3	5	3	NA	NA	3	8	3	4	3	3	3	9	3	3	7	3	3	5	5	3	4	9	3	3	3	4	3	NA	3	3	5	3	3	NA	5	3	4	3	3	6	3	4	9	3	NA	3	3	3	3	NA	7	4	4	NA	3	NA	3	3	3	3	3	3	3	3	3	3	3	3	9	5	3	5	3	4	3	3	3	4	3	10	7	6	3	3	3	4	NA	3	NA	3	9	3	3	5	4	4	4	5	3	3	3	4	4	9	7	8	3	3	4	5	3	4	3	3	3	3	3	3	9	3	4	3	3	3	3	NA	7	4	NA	7	3	3	3	3	3	3	NA	3	6	4	3	3	5	3	3	8	3	5	3	3	4	8	3	3	3	3	9	4	4	3	5	8	3	8	3	NA	6	3	4	4	3	7	4	8	3	3	NA	NA	4	5	3	NA	4	3	3	4	NA	NA	NA	3	3	NA	NA	NA	NA	5	3
ran_59.txt	3	3	8	3	5	NA	NA	3	10	8	3	3	3	3	8	5	6	4	3	3	3	8	9	8	8	3	8	3	4	6	NA	3	3	3	3	3	NA	3	3	4	3	4	5	3	3	5	3	7	3	3	3	4	9	9	4	3	7	3	8	3	3	3	4	3	3	4	3	3	3	3	3	3	3	3	8	3	3	3	3	3	5	7	10	8	5	3	4	3	3	NA	3	4	4	3	3	3	7	3	5	5	4	3	3	8	4	9	6	3	NA	3	4	3	7	3	8	4	3	3	3	3	6	3	3	NA	3	3	3	3	9	4	3	8	3	3	3	3	3	3	3	NA	3	7	3	3	3	7	3	3	7	3	5	3	3	7	5	3	3	4	5	5	NA	4	3	3	NA	3	4	3	NA	9	3	3	4	3	5	3	9	3	3	NA	8	4	3	4	NA	3	3	3	9	NA	NA	NA	5	3	NA	5	NA	NA	8	3
ran_6.txt	NA	3	5	4	3	NA	NA	3	7	3	5	3	3	3	3	3	6	8	3	3	3	3	4	9	3	3	3	3	3	3	NA	3	3	6	3	3	NA	3	3	9	3	3	3	3	6	5	4	3	3	3	10	NA	7	9	3	3	8	3	7	3	3	3	4	3	3	4	3	3	3	3	7	3	3	3	3	3	5	5	3	3	3	3	NA	3	7	3	3	4	4	6	3	4	5	3	3	3	5	3	3	5	5	3	4	3	3	9	9	4	5	3	3	5	4	3	NA	3	3	3	4	3	3	8	3	4	3	3	3	3	8	5	3	8	7	3	3	5	3	3	3	NA	3	3	4	3	3	4	5	3	9	3	3	3	4	8	5	3	3	3	3	4	NA	3	3	4	4	4	3	3	NA	NA	3	3	3	4	3	3	9	3	3	NA	3	3	6	3	4	6	3	3	9	8	NA	NA	3	3	NA	7	8	NA	9	6
ran_60.txt	3	3	3	3	3	NA	NA	3	4	5	5	3	3	3	3	3	6	3	3	3	4	4	3	9	5	4	3	3	3	3	NA	3	3	4	3	6	3	3	3	9	3	3	6	3	3	5	4	6	3	3	3	4	5	8	3	7	6	3	NA	3	3	3	3	3	3	3	3	3	3	4	3	5	3	3	4	3	3	5	4	3	3	NA	NA	5	3	3	3	6	3	NA	3	NA	7	7	3	3	5	3	3	10	5	3	3	4	4	4	10	7	5	3	6	3	3	3	5	3	3	3	5	3	6	7	4	4	3	3	3	3	3	3	4	4	NA	3	3	3	3	3	3	NA	3	7	3	3	3	3	3	4	7	5	7	3	3	3	9	4	3	3	5	5	5	3	3	3	7	3	5	4	NA	4	3	3	3	3	4	3	3	3	3	NA	3	3	3	4	8	8	3	3	6	6	NA	NA	3	3	NA	7	7	NA	4	3
ran_61.txt	4	3	3	4	3	NA	NA	5	NA	3	5	3	3	3	NA	3	7	3	3	3	6	3	3	NA	3	3	3	3	3	3	NA	3	3	3	3	5	NA	3	6	3	3	6	4	3	4	9	7	7	3	3	4	9	NA	NA	3	5	NA	3	8	3	3	3	4	3	3	3	3	3	3	3	3	5	4	3	3	3	4	8	4	5	3	10	3	3	6	3	4	3	3	9	3	3	8	4	3	3	8	5	5	8	8	3	3	5	3	6	7	5	8	3	4	3	3	3	4	3	3	3	3	3	9	9	3	3	3	3	3	3	3	3	7	NA	7	3	3	3	3	3	4	NA	3	4	3	3	3	5	3	3	5	4	3	4	3	3	8	5	3	3	5	NA	7	3	3	4	8	3	3	6	NA	5	3	3	3	3	3	4	5	3	3	NA	5	3	3	3	NA	6	3	3	NA	3	NA	NA	3	3	NA	NA	NA	NA	5	3
ran_62.txt	7	3	3	3	3	NA	NA	3	8	5	4	3	3	3	3	7	4	10	3	3	5	7	3	NA	8	3	3	3	4	3	NA	3	3	9	3	7	NA	4	3	8	3	3	3	3	6	7	3	3	4	3	9	7	NA	5	3	3	8	3	NA	4	3	3	3	3	3	4	3	3	3	4	8	3	7	5	NA	3	5	4	3	5	3	7	5	9	3	8	3	5	8	8	3	3	5	4	3	3	4	5	3	5	7	3	3	4	3	3	7	3	3	3	3	3	3	3	6	3	3	4	3	3	3	NA	3	8	3	5	3	3	7	3	5	4	4	3	3	3	3	3	3	NA	3	NA	3	3	3	3	5	3	3	5	8	4	4	6	7	3	3	3	6	9	NA	3	3	3	3	3	4	3	NA	4	3	3	4	3	3	3	3	3	3	NA	6	5	3	3	5	3	3	3	4	NA	NA	NA	3	5	NA	NA	9	NA	8	3
ran_63.txt	9	4	3	3	4	NA	NA	3	10	3	3	3	3	3	4	3	3	3	3	3	3	3	3	7	8	3	4	3	3	8	NA	3	3	4	3	3	10	5	4	7	3	3	8	3	5	6	3	5	5	3	8	8	NA	3	3	3	NA	3	4	3	3	4	4	3	3	3	3	3	3	5	3	4	3	4	7	3	3	5	5	3	3	7	8	3	4	3	3	3	3	7	3	8	4	9	3	3	6	5	4	NA	5	3	3	6	3	6	4	9	3	5	3	3	4	3	8	4	3	3	3	3	4	9	3	5	3	3	3	3	9	8	3	7	6	3	3	3	3	3	3	NA	3	7	8	3	3	4	3	3	9	8	3	3	3	9	3	3	3	3	8	4	3	3	3	3	NA	4	6	5	NA	4	3	3	3	3	5	5	8	5	3	NA	3	3	6	3	NA	5	3	4	8	3	NA	NA	3	4	NA	9	NA	NA	3	3
ran_64.txt	5	3	9	9	3	NA	NA	3	3	3	4	3	3	3	7	8	3	3	3	3	5	4	4	8	9	3	5	4	4	4	NA	3	3	4	3	3	6	3	3	3	3	3	5	3	3	3	3	3	3	3	3	5	10	7	3	3	NA	3	10	3	3	3	3	3	4	3	3	3	3	3	3	9	3	3	4	3	3	3	5	3	3	5	NA	3	3	4	3	6	3	NA	3	7	3	4	3	3	5	3	5	NA	7	3	3	9	3	NA	10	3	NA	3	7	3	3	3	8	3	3	7	8	3	NA	NA	3	3	3	4	3	3	5	3	7	NA	3	3	3	3	3	3	3	NA	3	4	3	3	3	4	3	3	10	3	10	3	3	6	3	3	3	3	7	3	9	5	3	4	3	3	5	3	NA	3	3	3	9	9	5	3	10	3	3	NA	3	3	3	3	7	3	3	6	4	4	NA	NA	8	4	NA	9	9	NA	5	3
ran_65.txt	3	4	6	3	3	NA	NA	3	NA	5	3	3	3	3	6	8	3	5	3	3	3	3	8	NA	9	3	3	3	4	5	NA	3	3	3	3	5	6	3	3	7	3	3	6	4	5	9	4	3	3	3	3	6	7	3	3	3	8	3	5	3	3	3	3	3	3	3	3	3	3	3	6	3	3	3	3	3	3	3	3	5	5	4	4	4	5	6	3	3	3	5	3	NA	5	3	3	3	3	3	3	6	5	3	3	4	5	3	3	3	NA	3	5	3	3	3	8	8	3	4	3	3	NA	6	3	6	3	3	3	3	3	3	3	NA	NA	4	3	3	3	3	4	NA	3	4	3	3	3	5	3	3	7	3	4	3	4	3	6	3	3	3	3	NA	8	4	3	3	NA	3	3	3	NA	3	3	4	5	3	3	3	9	3	4	NA	4	3	3	3	NA	5	3	3	4	10	NA	NA	3	8	NA	7	3	NA	9	6
ran_66.txt	3	3	4	3	3	NA	NA	5	NA	3	3	3	3	3	7	3	3	4	5	3	3	5	3	9	8	3	4	3	5	8	NA	3	3	9	4	7	NA	4	3	3	3	3	10	3	8	4	3	6	3	3	7	9	NA	3	3	3	5	3	6	3	3	3	4	3	3	3	3	3	3	3	NA	8	6	3	3	3	3	3	3	3	3	9	NA	8	3	3	3	6	3	8	3	9	5	7	3	3	9	6	3	NA	4	3	3	3	5	5	9	3	3	3	6	3	3	3	4	3	3	7	3	3	3	NA	3	3	3	5	3	3	3	3	3	9	8	3	3	3	3	3	4	NA	3	3	3	3	3	6	3	3	8	3	3	3	3	6	8	3	3	3	3	5	7	7	3	3	4	5	3	4	NA	10	3	3	3	3	3	3	5	4	3	NA	5	7	5	6	9	4	3	3	7	6	NA	NA	4	3	NA	8	NA	NA	8	3
ran_67.txt	6	3	10	3	3	NA	NA	4	4	4	3	3	4	3	9	5	3	3	3	3	9	7	4	4	3	3	3	3	4	3	NA	3	3	5	3	3	NA	3	3	3	3	3	4	3	4	5	5	9	3	4	10	NA	7	10	3	3	4	3	9	3	3	3	3	3	3	3	3	3	3	3	3	3	3	4	3	3	4	4	4	3	3	7	9	4	3	3	3	4	5	NA	3	9	3	8	3	3	3	8	3	7	5	4	3	5	3	4	4	3	3	3	3	3	3	3	6	6	3	5	3	3	NA	NA	3	3	3	3	3	3	9	3	3	8	4	3	3	3	3	3	3	NA	3	6	4	3	3	5	3	3	NA	3	5	3	3	6	6	3	3	3	9	5	NA	8	3	3	7	3	4	3	NA	6	3	5	7	3	7	3	10	3	3	NA	3	5	3	6	9	5	3	3	NA	NA	NA	NA	4	3	NA	4	8	NA	9	5
ran_68.txt	9	3	3	4	3	NA	NA	4	5	3	3	3	3	3	8	4	6	7	3	3	9	6	5	NA	3	3	3	3	4	3	NA	3	3	5	3	5	NA	4	3	9	3	3	5	3	3	3	3	9	3	3	7	8	3	6	3	6	7	3	NA	3	3	3	4	3	3	3	3	3	3	5	3	6	5	3	3	3	3	3	4	3	5	10	NA	3	3	3	3	8	3	5	3	NA	4	7	3	3	4	3	3	5	8	3	3	NA	7	3	9	3	4	3	4	3	3	3	4	9	3	3	3	3	5	5	3	3	3	3	3	3	8	5	5	8	6	4	3	3	3	3	3	NA	3	8	3	3	3	3	5	3	8	3	4	3	3	8	5	3	3	3	5	3	9	3	3	3	8	3	6	3	NA	3	3	3	5	3	4	3	8	3	3	NA	6	4	3	3	4	3	3	3	5	4	NA	NA	4	3	NA	8	8	NA	NA	3
ran_69.txt	NA	3	7	3	4	NA	NA	3	NA	3	6	3	3	3	3	3	3	3	3	3	3	3	9	5	3	3	3	3	5	5	NA	3	3	6	3	6	NA	4	3	8	3	3	3	3	5	5	3	5	3	3	5	9	NA	NA	3	5	5	3	10	3	3	3	4	3	3	3	3	3	4	3	4	6	5	3	7	3	3	3	3	3	4	7	7	8	3	3	6	6	3	6	3	7	9	8	3	3	8	3	5	9	6	3	3	4	3	3	3	5	7	3	3	5	3	8	7	5	3	4	4	3	5	4	3	9	3	3	3	3	6	3	6	4	7	4	3	3	3	3	4	NA	3	7	4	3	3	4	3	3	5	3	9	3	3	10	4	4	3	3	4	8	5	3	3	3	NA	3	3	3	NA	3	3	4	3	3	3	3	3	3	3	NA	4	3	3	3	8	6	3	3	4	NA	NA	NA	5	3	NA	3	7	NA	9	5
ran_7.txt	8	3	5	3	3	NA	NA	3	NA	3	3	3	3	3	NA	3	3	4	4	3	5	3	6	NA	10	3	3	3	4	5	NA	3	3	5	3	3	NA	3	4	8	3	3	3	3	4	3	3	4	3	3	3	5	9	NA	3	8	3	3	NA	3	3	3	3	3	3	3	3	3	4	3	4	5	4	3	5	8	3	3	3	4	3	9	5	3	3	4	3	6	4	NA	3	NA	4	3	3	3	4	10	3	NA	5	3	3	4	3	8	4	3	3	3	5	3	3	8	6	3	3	5	3	3	3	NA	3	5	3	8	3	3	3	3	3	NA	5	4	3	3	4	3	6	NA	3	9	3	3	3	3	7	3	NA	3	7	3	3	3	3	3	3	3	NA	5	9	3	3	3	NA	3	5	3	NA	4	3	3	3	3	4	3	5	3	3	NA	7	3	8	3	7	3	3	3	5	NA	NA	NA	3	3	NA	6	NA	NA	3	5
ran_70.txt	8	3	6	3	3	NA	NA	3	8	5	3	3	4	3	4	3	9	4	3	3	5	3	5	4	6	3	3	5	6	3	NA	3	3	3	3	3	4	3	4	5	3	3	3	3	3	4	4	6	3	3	8	NA	NA	6	5	3	NA	3	9	4	3	3	9	3	3	3	3	3	3	3	3	3	3	3	8	3	3	3	3	5	5	4	NA	3	7	3	3	6	4	6	3	NA	3	3	3	3	7	8	3	NA	NA	3	3	5	3	3	5	4	NA	3	5	3	3	3	7	5	3	3	3	3	4	9	3	5	3	4	3	3	6	4	3	9	5	3	3	3	3	3	3	NA	3	9	3	3	3	3	5	3	NA	3	3	3	4	4	4	3	3	3	3	7	3	3	3	3	NA	3	4	4	NA	NA	3	4	3	3	3	3	4	5	3	NA	5	4	3	3	NA	4	3	4	8	3	NA	NA	4	5	NA	5	8	NA	5	3
ran_71.txt	9	3	3	4	3	NA	NA	5	7	4	3	3	3	3	4	4	3	9	4	3	3	5	7	NA	9	3	5	5	3	4	NA	3	3	3	3	3	4	4	3	3	3	3	8	4	3	7	3	NA	3	3	4	6	8	3	3	3	7	3	NA	3	3	3	3	3	3	3	3	3	3	3	3	5	5	5	9	8	3	3	3	3	6	6	7	3	3	3	3	3	3	NA	3	9	3	5	3	3	4	8	4	8	3	3	3	3	3	5	6	5	8	3	6	4	3	3	4	5	3	3	3	3	9	5	4	8	3	5	3	3	10	3	3	9	4	3	3	3	3	3	3	NA	3	6	3	3	3	5	4	4	3	5	7	4	3	8	5	3	3	3	6	7	NA	8	3	3	NA	3	4	8	NA	6	4	3	7	6	3	3	NA	3	3	NA	4	3	3	3	3	4	3	4	NA	NA	NA	NA	3	3	NA	4	4	NA	3	3
ran_72.txt	4	3	5	3	3	NA	NA	3	3	3	3	3	3	3	4	5	3	3	3	3	3	5	3	7	4	3	4	3	6	3	NA	3	3	3	3	3	NA	3	3	3	3	3	3	3	3	4	3	8	3	3	8	NA	NA	4	3	6	7	3	5	3	3	3	3	3	3	3	4	3	3	3	3	4	3	3	3	3	5	3	3	3	4	10	8	3	5	3	4	4	3	4	3	4	4	4	3	3	9	3	3	NA	3	3	3	3	3	9	NA	5	9	6	3	4	3	3	5	3	3	4	3	3	3	NA	3	3	3	3	3	3	4	3	5	4	3	3	3	3	3	3	3	NA	3	4	3	3	3	6	3	3	NA	3	3	3	3	7	4	4	3	3	9	3	5	3	3	3	5	3	4	3	NA	9	3	6	4	3	3	5	6	3	3	NA	4	3	5	3	NA	3	3	3	6	NA	NA	NA	3	3	NA	4	3	NA	3	3
ran_73.txt	NA	3	NA	8	3	NA	NA	5	6	7	3	3	3	3	8	3	5	3	8	3	7	6	3	NA	9	5	3	3	3	3	NA	3	3	4	3	4	NA	3	3	3	4	4	3	4	6	4	5	8	3	3	8	NA	4	8	3	3	6	3	6	3	3	3	3	3	3	3	3	3	3	3	3	3	3	3	5	3	3	3	3	5	4	8	9	6	4	3	3	9	9	5	3	9	3	3	4	3	5	3	4	6	8	4	3	3	4	7	3	3	8	3	3	6	5	3	NA	6	3	6	5	3	4	4	3	9	3	5	3	3	4	5	6	9	8	3	3	3	3	3	3	NA	3	5	6	3	3	3	6	3	NA	3	8	5	3	4	5	3	3	3	6	10	7	3	3	3	NA	3	5	3	NA	NA	3	3	4	3	4	3	NA	3	3	NA	3	5	3	6	8	3	3	3	NA	NA	NA	NA	3	6	NA	3	NA	NA	5	3
ran_74.txt	NA	3	6	8	3	NA	NA	3	3	4	3	3	5	3	NA	7	3	4	3	3	10	4	10	5	4	4	4	4	3	5	NA	3	3	8	3	3	4	5	3	8	3	4	9	3	3	3	3	8	3	3	3	7	10	5	3	3	5	3	5	3	3	3	3	3	3	3	3	3	3	3	4	3	3	3	7	4	3	3	3	3	3	6	6	6	3	3	3	3	3	9	3	NA	3	4	3	3	3	4	3	6	8	4	3	4	3	8	7	3	7	3	3	3	4	3	10	3	3	9	3	3	4	9	3	4	3	5	3	3	3	3	9	4	NA	3	3	3	3	3	3	NA	3	4	3	3	3	4	3	3	7	7	5	5	3	7	3	3	3	3	6	NA	7	4	3	3	NA	3	6	3	NA	4	3	3	6	3	3	3	NA	3	3	NA	4	3	4	4	8	3	3	3	3	7	NA	NA	4	3	NA	4	9	NA	5	3
ran_75.txt	NA	5	3	3	3	NA	NA	3	NA	3	3	4	5	3	7	8	9	3	3	3	NA	3	5	8	3	4	3	3	5	3	NA	3	3	3	3	3	3	3	4	8	3	3	NA	3	3	8	3	9	3	3	4	4	5	NA	3	4	NA	3	8	3	3	3	3	3	3	3	3	3	3	3	3	4	5	3	4	3	4	5	3	3	3	NA	5	4	3	3	3	6	3	7	3	NA	3	5	3	3	4	3	3	NA	3	3	3	5	3	8	3	3	8	3	3	7	6	3	5	3	3	4	4	3	9	4	3	5	3	4	3	3	5	3	3	6	5	3	3	3	3	3	3	NA	3	6	3	3	3	3	5	3	3	3	3	3	3	3	4	3	3	3	7	10	9	4	3	5	NA	3	6	3	NA	8	3	4	8	8	4	3	3	3	3	NA	6	5	3	3	NA	3	3	3	NA	NA	NA	NA	3	3	NA	7	3	NA	9	4
ran_76.txt	NA	3	9	6	3	NA	NA	4	7	4	3	5	4	3	6	3	3	4	4	3	3	4	7	7	10	3	3	4	5	3	NA	3	3	5	3	3	7	3	3	6	3	3	9	3	3	NA	3	4	4	5	5	NA	3	3	3	4	NA	3	6	3	3	3	5	3	3	8	3	3	4	5	5	3	3	3	7	3	3	3	4	3	3	3	8	6	3	3	5	4	3	9	3	7	4	4	3	3	6	3	3	3	5	3	3	8	5	10	6	3	8	4	6	6	3	4	9	8	3	3	3	3	8	3	3	3	3	3	3	3	7	3	6	7	3	3	3	3	3	3	3	NA	3	3	3	3	3	3	4	3	NA	3	3	5	3	5	6	3	3	3	3	9	9	3	3	3	8	3	6	3	NA	4	3	3	3	4	4	3	10	3	3	NA	4	3	3	3	3	3	3	5	8	9	NA	NA	3	3	NA	8	10	NA	7	3
ran_77.txt	8	4	6	3	3	NA	NA	4	4	3	3	3	4	3	4	4	6	3	3	9	3	8	4	7	4	3	3	3	4	4	NA	3	3	5	3	5	4	3	3	5	3	6	4	3	4	4	4	NA	4	3	10	NA	NA	6	3	3	NA	3	3	3	3	3	3	3	3	3	3	3	5	3	5	3	7	3	3	3	3	3	3	8	4	NA	7	3	4	3	5	6	3	9	3	NA	3	5	3	3	4	6	3	5	3	3	3	NA	3	6	3	8	4	4	6	3	6	3	4	3	3	3	3	3	7	7	3	3	3	3	3	3	5	3	3	10	9	3	3	3	3	3	3	NA	3	7	3	3	3	5	5	3	5	3	3	3	3	4	7	4	3	3	3	6	4	3	3	3	8	3	3	3	NA	6	3	3	5	3	3	5	NA	3	3	NA	8	3	8	3	NA	3	3	3	8	10	NA	NA	3	3	NA	NA	NA	NA	5	3
ran_78.txt	9	3	4	5	3	NA	NA	3	9	8	3	3	3	3	5	3	6	4	3	3	3	3	3	5	3	7	5	3	3	3	NA	3	3	3	3	4	6	3	3	3	3	3	3	3	5	9	3	8	3	5	4	9	NA	7	3	3	NA	3	NA	3	3	3	5	3	3	3	3	3	3	3	3	5	3	3	3	3	5	3	5	3	3	4	NA	3	3	3	3	5	3	3	3	3	3	5	3	3	9	8	3	10	8	3	3	8	4	5	3	5	6	3	4	3	3	5	5	3	3	5	4	3	NA	3	3	3	3	3	3	3	7	3	3	8	3	4	3	3	3	3	4	NA	3	3	3	3	3	3	3	3	4	3	8	5	3	4	3	3	3	3	3	9	10	3	3	5	8	3	5	3	NA	6	3	3	3	3	7	3	NA	4	3	NA	4	8	4	3	9	6	3	5	NA	7	NA	NA	3	3	NA	NA	7	NA	4	9
ran_79.txt	8	3	4	3	3	NA	NA	3	5	3	3	3	4	3	6	4	4	6	3	3	7	6	8	NA	8	3	3	3	5	4	NA	3	3	4	3	4	3	3	3	4	3	3	3	3	3	7	3	4	3	3	9	3	4	6	3	3	NA	3	8	3	3	3	7	3	3	3	3	3	4	3	3	3	5	3	6	3	5	3	3	4	5	NA	NA	3	8	3	3	5	4	NA	3	6	5	4	3	3	7	6	3	3	6	4	3	3	3	3	6	4	10	3	5	5	3	5	5	3	3	3	3	3	5	3	3	10	3	3	3	3	3	3	3	3	3	3	3	3	3	3	3	NA	3	3	4	3	3	3	3	3	7	3	8	3	3	6	4	3	3	3	6	3	7	3	3	3	10	4	3	3	NA	4	3	3	4	5	3	3	NA	3	5	NA	9	4	5	3	NA	3	3	3	6	NA	NA	NA	4	3	NA	NA	9	NA	3	7
ran_8.txt	5	3	4	3	3	NA	NA	6	7	3	3	3	3	3	8	5	4	7	3	3	4	3	6	8	8	3	3	3	3	3	NA	3	3	3	3	4	NA	3	3	6	3	3	3	3	3	3	3	3	3	3	3	6	NA	5	3	3	NA	3	8	3	3	3	4	3	3	3	3	3	3	3	6	6	3	3	4	3	3	3	3	6	4	8	7	5	3	3	5	4	4	9	3	5	NA	NA	3	3	3	4	4	7	8	3	3	7	6	5	NA	5	3	3	9	5	3	3	7	3	3	8	3	3	5	3	4	3	3	3	3	3	4	8	3	NA	3	3	3	3	3	3	3	NA	3	4	3	3	3	4	3	3	10	5	8	3	3	8	4	4	3	5	8	4	NA	5	3	5	9	3	8	3	NA	5	3	3	6	4	3	4	9	3	3	NA	3	3	4	5	8	3	3	3	3	7	NA	NA	4	3	NA	NA	NA	NA	4	9
ran_80.txt	9	3	4	3	4	NA	NA	3	8	3	3	3	5	3	8	4	4	6	9	4	4	3	4	7	6	4	5	3	3	4	NA	3	3	6	3	4	NA	3	3	4	3	3	3	3	4	9	3	4	3	3	5	5	3	7	3	4	NA	3	6	3	3	3	7	3	3	3	3	3	7	3	3	3	6	3	3	3	6	3	3	3	6	7	3	7	3	3	3	9	3	8	3	8	NA	7	3	3	7	3	3	8	8	3	3	NA	3	3	5	5	NA	3	5	3	3	3	7	6	3	8	5	3	3	5	4	5	3	4	3	3	3	3	9	NA	9	3	3	3	3	3	3	NA	3	4	4	3	3	4	3	3	3	3	4	3	3	6	5	3	3	3	4	6	4	3	3	5	9	4	3	4	NA	4	3	3	10	3	3	3	10	3	3	NA	3	4	3	3	9	4	3	3	5	6	NA	NA	3	3	NA	4	4	NA	3	5
ran_81.txt	9	4	6	3	3	NA	NA	4	8	3	3	3	3	3	NA	3	8	4	3	6	3	3	4	8	6	3	3	3	8	5	NA	3	3	3	3	4	NA	3	3	5	3	3	5	6	5	3	3	5	3	4	NA	NA	NA	NA	4	3	8	3	5	3	3	3	3	3	3	3	3	3	3	3	5	3	8	3	3	3	8	3	3	5	9	NA	4	7	3	4	3	3	3	3	4	4	6	3	3	3	3	4	3	7	7	3	3	9	3	4	5	3	3	3	3	7	3	3	5	8	3	3	5	3	4	3	3	3	3	4	3	3	8	6	8	NA	4	7	3	3	3	3	3	NA	3	7	3	3	3	3	4	3	NA	3	9	3	3	8	7	3	3	3	NA	3	8	3	3	3	4	3	5	3	NA	5	3	4	4	4	6	5	4	3	3	NA	9	3	3	3	10	6	3	3	6	NA	NA	NA	5	3	NA	7	NA	NA	3	3
ran_82.txt	NA	3	6	3	3	NA	NA	3	3	8	3	3	3	3	4	4	9	4	3	3	4	3	6	9	3	3	3	3	3	3	NA	3	3	4	3	7	4	3	3	8	3	3	4	5	4	9	3	7	3	3	4	4	NA	NA	3	3	6	3	3	3	3	3	8	3	3	3	3	3	3	10	3	3	3	3	3	3	5	3	3	5	3	3	NA	5	3	4	3	9	8	NA	3	8	9	7	3	3	9	3	3	NA	9	3	3	3	3	5	5	6	8	3	9	3	3	3	4	3	3	6	3	3	9	9	3	3	3	3	3	3	9	3	3	7	9	4	3	3	3	3	3	NA	3	8	3	3	3	3	6	3	NA	3	5	5	3	9	3	3	3	3	8	3	3	3	3	3	4	3	3	4	NA	7	3	3	3	3	3	3	6	8	3	NA	9	3	3	3	NA	3	3	3	7	5	NA	NA	4	3	NA	6	NA	NA	7	3
ran_83.txt	3	3	8	4	3	NA	NA	4	10	9	4	3	4	3	5	5	3	6	3	3	7	5	3	NA	5	3	4	3	7	3	NA	3	3	3	3	3	4	4	3	3	3	3	4	3	3	7	3	NA	3	3	4	5	4	8	3	4	NA	5	10	3	3	4	3	3	3	3	3	3	5	3	3	3	3	3	3	3	3	6	3	6	5	10	8	6	3	3	3	NA	8	3	3	NA	3	6	3	3	5	4	4	3	8	3	3	4	4	3	5	6	8	3	8	4	5	3	4	4	3	3	3	3	5	NA	3	6	3	3	3	3	NA	4	5	NA	5	5	3	3	3	3	3	NA	3	9	6	3	3	6	3	3	10	6	5	3	3	8	NA	3	3	3	7	6	NA	3	3	3	3	3	3	4	NA	3	3	6	4	4	3	3	6	3	3	NA	NA	3	4	3	NA	3	3	3	3	3	NA	NA	3	3	NA	4	9	NA	6	3
ran_84.txt	4	3	4	3	3	NA	NA	4	4	5	3	3	3	3	4	4	3	4	3	4	NA	9	8	NA	4	3	3	3	4	5	NA	3	3	8	3	3	NA	3	3	5	3	3	3	3	4	3	3	3	3	3	3	NA	5	NA	3	3	NA	3	3	3	3	3	3	3	3	4	5	3	3	5	5	5	3	3	4	3	5	3	4	3	4	3	NA	3	3	3	3	9	3	NA	3	8	7	3	3	3	10	5	3	NA	3	9	3	3	6	9	3	3	8	3	4	3	6	3	3	3	3	3	3	3	9	7	3	4	3	4	3	3	NA	3	7	3	5	3	3	3	3	3	3	NA	3	7	4	3	3	4	3	3	3	4	6	5	5	4	NA	3	4	3	7	NA	9	5	3	3	5	3	6	3	NA	4	3	7	8	3	4	3	4	3	3	NA	6	5	6	3	7	3	3	3	NA	3	NA	NA	3	3	NA	NA	NA	NA	5	5
ran_85.txt	NA	3	6	3	4	NA	NA	3	7	4	4	3	4	3	3	5	3	3	3	3	6	8	5	5	8	3	3	3	4	5	NA	3	3	4	3	4	4	3	3	10	3	3	6	5	3	7	3	3	3	3	8	8	NA	3	3	4	5	4	NA	3	3	3	3	3	3	3	3	3	3	3	3	3	4	4	3	3	5	3	3	3	5	3	9	4	3	3	3	9	3	NA	3	7	4	7	3	3	9	5	3	NA	9	3	3	5	3	7	6	3	3	3	4	5	3	3	7	4	3	3	3	3	3	3	3	9	3	4	3	3	8	3	4	4	8	3	3	3	3	3	3	NA	3	7	3	3	3	4	3	3	7	3	4	3	3	8	6	3	3	3	NA	7	NA	3	3	3	8	3	4	3	NA	7	3	3	3	3	5	3	3	8	3	NA	8	3	4	4	8	3	3	3	NA	4	NA	NA	3	3	NA	NA	3	NA	4	3
ran_86.txt	NA	3	3	3	3	NA	NA	3	10	3	3	3	3	3	3	3	3	4	4	3	3	8	NA	7	4	4	3	3	7	3	NA	3	3	3	3	3	5	4	3	3	3	3	3	3	3	3	4	3	3	3	11	4	4	NA	3	3	NA	3	NA	3	3	3	5	3	3	3	3	3	3	5	3	3	3	3	7	3	3	8	3	3	4	6	6	4	3	3	3	4	4	9	3	3	3	8	3	3	8	3	5	NA	9	4	3	10	4	5	3	3	6	4	10	3	3	3	5	4	3	5	3	3	9	4	3	3	3	3	3	3	9	3	3	NA	NA	3	3	3	3	3	3	NA	3	9	3	3	3	3	5	3	7	3	9	3	3	8	6	3	3	3	3	9	7	3	3	3	NA	3	7	3	NA	8	3	6	3	7	3	3	NA	3	3	NA	3	3	3	3	NA	5	3	5	NA	7	NA	NA	3	3	NA	5	NA	NA	6	7
ran_87.txt	6	3	8	4	3	NA	NA	3	5	3	4	3	3	3	3	3	8	4	3	3	9	5	3	NA	6	3	4	3	9	3	NA	3	3	5	3	5	3	3	5	3	3	3	3	3	3	5	3	3	5	3	7	6	9	6	3	3	NA	3	9	3	3	3	3	3	3	6	3	3	3	4	5	3	6	4	5	3	3	3	3	7	3	NA	7	3	4	4	4	8	3	3	3	9	4	5	3	3	7	9	3	NA	5	3	3	7	5	3	4	5	5	5	7	3	3	3	7	5	3	3	3	3	4	7	3	5	3	3	3	3	4	8	3	NA	8	3	3	3	3	3	3	NA	3	8	3	3	3	4	4	3	9	3	7	4	3	5	4	3	3	3	9	3	8	3	3	3	NA	4	5	3	NA	4	3	3	3	3	4	5	3	3	3	NA	3	3	4	4	7	3	3	3	NA	6	NA	NA	3	3	NA	9	7	NA	4	3
ran_88.txt	3	3	8	4	3	NA	NA	3	8	4	3	3	3	3	8	3	NA	4	3	5	4	4	9	NA	4	7	3	3	4	4	NA	3	3	4	3	3	NA	4	3	6	3	3	3	3	3	7	3	6	3	3	3	3	NA	5	3	3	6	3	4	3	3	3	3	3	3	6	3	3	3	4	3	6	3	3	7	5	3	3	3	5	7	8	8	4	4	3	8	NA	3	NA	3	5	6	4	3	3	NA	8	4	9	9	4	3	NA	6	5	8	4	5	3	3	4	3	5	3	4	3	3	3	3	3	3	3	6	3	3	3	3	9	3	5	3	6	3	3	3	3	3	3	NA	3	8	9	3	3	5	8	3	5	3	4	3	4	NA	7	3	3	3	3	9	NA	3	3	3	4	3	6	3	NA	8	3	3	3	3	3	3	5	3	3	NA	3	3	3	5	3	3	3	3	NA	NA	NA	NA	3	3	NA	NA	7	NA	4	3
ran_89.txt	8	3	7	3	5	NA	NA	4	4	3	3	3	3	3	4	4	8	5	3	3	4	6	3	3	3	3	3	3	3	3	NA	3	3	4	3	3	NA	3	3	3	3	5	8	4	5	9	8	4	4	4	4	NA	9	9	3	3	9	3	6	3	3	3	3	3	3	4	3	3	3	3	3	6	3	3	4	3	3	3	3	5	4	7	3	5	5	4	3	4	6	4	3	8	3	7	3	3	5	3	3	3	5	3	3	3	4	9	3	3	9	3	4	5	4	3	6	9	3	6	3	3	7	8	3	8	3	3	3	3	9	5	4	9	5	3	3	3	4	3	5	NA	3	8	3	3	3	5	3	3	NA	3	7	3	8	8	3	5	3	3	3	3	9	3	3	3	5	3	5	3	NA	5	3	3	3	3	3	4	7	3	3	NA	6	4	3	3	NA	4	3	5	7	3	NA	NA	3	3	NA	4	NA	NA	4	3
ran_9.txt	6	3	6	5	3	NA	NA	5	9	3	3	3	4	3	3	5	5	6	3	3	4	3	4	5	8	3	3	3	9	5	NA	3	3	3	3	8	7	3	3	4	3	3	4	3	4	5	3	10	3	3	8	NA	NA	7	3	5	7	3	NA	4	3	3	6	3	3	3	3	3	3	3	3	6	3	3	3	3	3	6	3	4	3	NA	7	8	3	3	3	6	4	NA	3	NA	4	4	3	3	3	3	4	NA	7	3	3	9	4	3	3	3	3	3	3	4	3	3	4	3	3	5	3	3	7	8	3	3	3	3	3	3	4	8	3	NA	3	3	3	3	3	3	5	NA	3	10	3	3	3	4	3	3	4	3	5	3	4	3	9	3	3	3	6	3	NA	5	4	3	NA	4	4	3	NA	11	3	6	8	3	3	3	6	3	4	NA	4	7	3	3	3	3	4	3	NA	6	NA	NA	5	3	NA	7	3	NA	5	3
ran_90.txt	NA	3	7	3	6	NA	NA	3	3	3	3	3	3	3	3	3	5	3	3	3	4	5	4	NA	3	3	5	3	3	5	NA	3	3	3	3	4	3	3	3	7	3	5	8	3	6	3	4	6	4	3	4	9	7	7	3	3	10	3	8	3	3	3	3	3	3	3	3	3	3	3	3	3	3	3	3	3	3	3	3	3	3	NA	NA	5	5	3	3	3	3	NA	3	8	3	9	3	3	NA	3	3	8	7	3	3	9	3	4	3	3	7	3	9	4	4	3	9	5	3	4	4	3	5	3	4	4	3	3	3	3	8	8	9	NA	3	3	3	3	3	3	3	NA	3	8	4	3	3	3	3	3	7	3	3	3	3	7	4	3	3	3	3	7	NA	5	3	3	NA	3	4	3	NA	NA	3	3	3	5	4	3	NA	3	4	NA	3	3	3	4	8	3	3	3	9	9	NA	NA	3	5	NA	NA	3	NA	3	3
ran_91.txt	5	3	4	4	3	NA	NA	3	7	3	5	3	4	3	NA	4	5	4	3	4	3	3	8	3	5	5	3	3	3	3	NA	3	3	3	3	3	NA	3	3	3	3	3	5	3	3	8	3	3	3	3	5	8	8	4	3	3	NA	3	NA	3	3	3	3	3	3	3	3	3	3	3	7	4	3	3	4	5	5	4	3	5	3	7	8	3	3	3	3	10	4	4	3	10	5	9	3	3	NA	6	3	5	7	4	3	NA	4	3	3	4	3	3	6	3	3	3	4	8	3	5	3	3	8	9	3	3	3	5	3	3	6	6	3	NA	3	3	3	3	3	3	3	NA	3	8	4	3	3	8	3	3	NA	6	5	3	8	6	8	5	3	3	9	8	7	3	3	3	5	5	3	8	NA	4	3	3	8	4	3	3	NA	3	3	NA	4	6	6	3	8	3	3	3	7	7	NA	NA	4	6	NA	3	NA	NA	7	3
ran_92.txt	9	3	4	3	3	NA	NA	7	9	4	8	3	3	3	7	3	3	5	4	4	4	3	3	7	3	4	3	3	6	3	NA	3	3	5	3	3	7	5	3	6	3	3	6	7	3	4	3	9	3	3	8	9	7	NA	3	8	8	3	NA	3	3	3	4	3	4	3	4	3	3	8	3	7	3	3	6	3	4	5	3	3	3	NA	NA	3	3	3	3	3	4	5	3	8	4	3	3	3	4	3	3	8	3	3	3	4	3	3	5	9	4	4	3	5	3	3	6	4	3	5	4	3	9	6	4	4	3	3	3	3	9	5	3	NA	NA	4	3	3	3	3	4	NA	3	3	4	3	3	6	4	3	NA	5	3	3	4	7	8	4	3	4	8	4	4	4	3	5	9	3	4	3	NA	8	3	3	6	3	3	3	10	3	3	NA	7	3	4	3	7	6	3	3	4	7	NA	NA	3	3	NA	3	6	NA	8	3
ran_93.txt	NA	3	3	4	3	NA	NA	5	4	3	3	3	3	3	3	4	8	4	4	3	NA	6	5	7	4	5	4	3	3	3	NA	3	3	5	3	4	6	4	6	8	3	3	3	3	3	9	4	3	3	3	4	NA	NA	NA	5	3	10	3	NA	3	3	3	3	3	3	4	3	3	4	3	4	3	4	3	4	3	4	6	3	3	4	NA	NA	4	3	5	3	4	4	NA	3	9	8	4	3	3	4	5	8	5	7	3	3	5	3	4	3	4	4	3	4	5	5	3	10	3	3	4	4	3	4	3	3	6	3	3	3	3	3	3	5	7	9	3	3	3	3	3	4	NA	3	3	3	3	3	3	3	3	7	3	5	3	5	9	3	3	3	3	5	4	NA	3	3	3	NA	3	5	4	NA	8	3	6	4	3	3	3	4	3	3	NA	9	6	9	3	5	3	3	3	NA	8	NA	NA	3	3	NA	10	5	NA	4	3
ran_94.txt	5	4	4	3	3	NA	NA	4	7	4	4	3	3	3	NA	4	3	3	4	3	4	3	6	NA	7	3	4	3	3	3	NA	3	3	8	3	4	3	3	5	7	3	3	9	3	4	7	4	3	3	3	3	7	7	9	3	3	6	3	8	3	3	4	4	3	4	5	3	3	3	3	3	4	4	3	3	4	3	5	3	3	3	8	NA	3	8	3	3	8	3	5	3	7	10	4	3	3	8	6	4	4	9	3	3	NA	5	3	9	3	4	3	5	5	3	3	5	3	3	4	3	3	4	3	3	6	3	3	3	3	4	3	3	6	8	3	3	3	3	3	4	NA	3	3	3	3	3	6	4	3	NA	4	NA	3	3	7	NA	4	3	4	NA	9	8	3	3	3	NA	3	3	3	NA	7	3	4	3	4	5	3	NA	3	3	NA	3	6	3	4	NA	4	3	3	NA	9	NA	NA	3	3	NA	10	NA	NA	3	3
ran_95.txt	5	3	5	3	3	NA	NA	3	6	3	3	3	3	3	6	3	4	3	3	3	4	6	3	7	4	4	4	3	8	5	NA	3	3	8	3	8	NA	5	3	5	3	3	4	3	6	NA	4	5	3	3	NA	4	9	4	3	3	9	3	NA	3	3	3	4	3	3	3	3	3	3	6	3	9	3	3	4	3	3	5	3	5	6	7	8	3	3	3	3	3	3	4	3	6	5	7	3	3	6	7	4	NA	4	5	3	NA	3	NA	9	7	9	3	3	8	4	3	4	3	3	4	4	3	4	9	3	3	3	3	3	3	4	3	3	6	3	4	3	3	3	3	3	NA	3	4	3	3	3	3	3	3	7	3	9	3	4	7	8	4	3	3	4	NA	7	3	3	5	4	3	4	3	NA	7	3	4	3	3	3	4	NA	3	3	NA	3	7	4	3	NA	8	3	3	5	NA	NA	NA	3	3	NA	NA	8	NA	8	5
ran_96.txt	6	3	8	4	3	NA	NA	4	9	3	3	3	3	3	4	8	3	4	3	3	3	3	4	9	10	3	3	3	5	6	NA	3	3	3	3	4	NA	3	3	5	3	3	3	3	6	8	8	3	3	3	4	NA	5	4	3	3	10	3	9	3	3	3	6	3	3	3	3	3	3	3	4	6	3	3	5	3	3	3	3	3	3	5	8	3	3	4	3	4	3	6	3	8	3	8	3	3	8	5	3	4	9	3	3	9	5	9	3	NA	4	5	5	4	3	3	4	3	3	3	4	4	3	6	3	3	3	3	3	3	3	5	3	6	5	3	3	3	3	3	3	NA	3	7	3	3	3	4	3	3	3	3	9	3	3	3	3	3	3	3	7	4	9	4	3	3	6	3	3	3	NA	3	3	3	3	4	3	3	NA	3	3	NA	5	3	3	5	10	4	3	3	8	8	NA	NA	3	3	NA	NA	6	NA	3	3
ran_97.txt	NA	6	4	3	4	NA	NA	3	3	3	3	3	3	3	3	4	3	3	4	4	6	4	4	8	9	4	3	4	8	3	NA	3	3	5	3	5	5	9	3	9	3	3	6	4	3	3	3	6	3	3	6	8	10	NA	3	4	8	3	NA	3	3	3	3	3	3	3	3	3	3	5	4	3	3	3	3	3	4	5	3	3	6	6	NA	4	3	3	3	3	4	NA	3	5	6	3	3	3	5	4	3	5	4	3	3	3	5	NA	3	3	8	3	3	4	3	3	9	4	3	4	4	3	5	8	3	3	3	3	3	3	3	3	3	7	6	3	3	3	3	3	3	NA	3	6	3	3	3	9	5	3	8	3	6	3	5	NA	4	3	3	3	5	6	NA	5	3	3	9	3	4	3	NA	5	3	5	5	3	5	3	NA	5	3	NA	5	4	8	3	4	3	3	4	NA	NA	NA	NA	3	3	NA	NA	5	NA	5	3
ran_98.txt	5	3	8	3	3	NA	NA	3	5	3	3	4	3	3	7	3	4	3	8	3	3	3	7	7	3	3	3	3	8	3	NA	3	3	7	3	4	NA	4	3	6	3	4	3	3	4	4	4	3	3	3	6	7	8	NA	3	4	9	3	7	3	3	3	5	3	3	3	3	3	3	3	3	3	5	3	8	3	3	3	4	3	3	NA	5	6	7	3	3	5	4	4	3	9	3	9	3	3	4	6	3	8	3	3	3	8	5	7	3	5	9	3	3	3	3	3	7	9	3	3	3	3	3	NA	3	7	3	3	3	3	3	6	4	8	3	3	3	3	3	3	3	NA	3	NA	3	3	3	3	4	3	6	4	NA	3	3	6	5	3	3	3	6	5	NA	3	3	5	5	4	4	3	NA	6	3	3	3	4	4	5	7	3	3	NA	4	3	3	3	4	3	4	3	5	8	NA	NA	3	8	NA	3	NA	NA	4	3
ran_99.txt	3	3	9	3	3	NA	NA	3	NA	4	3	3	3	3	7	9	4	3	3	3	5	3	7	7	4	8	3	3	9	8	NA	3	3	4	3	3	NA	3	3	3	3	3	8	3	4	9	3	3	3	3	NA	5	7	9	3	5	6	3	3	3	3	3	5	3	3	3	4	3	4	3	3	3	4	3	5	3	4	3	4	4	3	3	4	4	3	4	3	10	8	NA	3	NA	6	3	3	3	8	6	4	7	NA	3	3	4	3	8	8	3	3	3	4	4	3	3	5	3	3	3	3	3	8	8	3	4	3	3	3	3	5	3	4	4	4	4	3	3	3	3	3	NA	3	9	3	3	3	4	3	3	NA	5	3	5	7	5	3	3	3	3	9	3	8	4	3	3	NA	3	3	8	NA	NA	3	4	4	8	4	3	4	3	3	NA	3	3	5	3	5	3	3	3	3	7	NA	NA	4	3	NA	9	3	NA	7	4
