# From /Users/Daniela/Documents/CCG/GUs_analysis/random_connectivity/scripts/conn_of_random_sets_v4.pl on Fri Nov 23 00:39:20 2018
# Using: /Users/Daniela/Documents/CCG/GU_art_2/v22/connectivity/general_regulons/random_regulons/
# Columns= GU
# Rows= Random set
	AcrR	Ada	AdiY	AgaR	AidB	AlaS	AllR	AllS	AlsR	AppY	AraC	ArgP	ArgR	ArsR	AscG	AsnC	AtoC	BCCP	BaeR	BasR	BetI	BirA	BluR	BolA	BtsR	CadC	CaiF	Cbl	CdaR	CecR	ChbR	ComR	CpxR	Cra	CreB	CsgD	CsiR	CspA	CueR	CusR	CynR	CysB	CytR	DcuR	DeoR	DhaR	DicA	DinJ-YafQ	DnaA	DpiA	DsdC	EbgR	EnvR	EnvY	EvgA	ExuR	FabR	FadR	FeaR	FhlA	FlhDC	FliZ	FucR	Fur	GadE	GadE-RcsB	GadW	GadX	GalR	GalS	GatR	GcvA	GlcC	GlpR	GlrR	GntR	GutM	HU	HcaR	HdfR	HigA	HigB-HigA	HipAB	HipB	HprR	HyfR	HypT	IclR	IdnR	IlvY	IscR	KdgR	KdpE	LacI	LeuO	LexA	LldR	LrhA	Lrp	LsrR	LysR	MalI	MalT	MarA	MarR	MatA	MazE	MazE-MazF	McbR	MelR	MetJ	MetR	MhpR	Mlc	MlrA	MngR	MntR	ModE	MprA	MqsA	MraZ	MurR	Nac	NadR	NagC	NanR	NarL	NarP	NemR	NhaR	NikR	NimR	NorR	NrdR	NsrR	NtrC	OmpR	OxyR	PaaX	PdeL	PdhR	PepA	PgrR	PhoB	PhoP	PrpR	PspF	PurR	PutA	PuuR	QseB	RbsR	RcdA	RclR	RcnR	RcsAB	RcsB	RcsB-BglJ	RelB	RelB-RelE	RhaR	RhaS	Rob	RstA	RtcR	RutR	SdiA	SgrR	SlyA	SoxR	SoxS	SrlR	StpA	SutR	TdcA	TdcR	TorR	TreR	TrpR	TtdR	TyrR	UhpA	UidR	UlaR	UvrY	UxuR	XapR	XylR	YdeO	YefM	YefM-YoeB	YeiL	YhaJ	YiaJ	YjjQ	YpdB	YqhC	YqjI	ZntR	ZraR	Zur
rn_cluster_1.txt	0.0	0.3	0.2	NA	NA	NA	0.3	0.0	0.0	0.3	0.4	0.4	0.3	0.8	0.5	0.0	0.4	NA	0.5	0.0	0.2	0.3	NA	0.3	NA	0.2	0.0	0.1	0.1	NA	0.2	NA	0.5	0.5	0.3	0.2	0.2	NA	0.1	0.1	0.0	0.3	0.6	0.4	0.1	NA	NA	NA	0.3	0.1	0.0	NA	0.0	0.3	0.3	0.2	0.6	0.3	1.0	0.2	0.2	0.1	0.6	0.5	0.3	0.2	0.1	0.4	0.3	0.1	0.4	0.2	0.2	0.3	NA	0.2	0.3	0.4	0.0	NA	NA	NA	0.0	0.1	0.3	NA	0.2	0.2	0.2	NA	0.0	0.3	NA	0.1	0.4	0.2	0.3	NA	0.3	0.1	NA	0.0	0.3	0.4	NA	NA	NA	NA	NA	0.0	0.2	0.0	0.3	0.1	NA	0.0	0.2	0.4	0.2	0.3	0.4	0.3	0.5	0.3	0.3	0.4	0.5	0.5	0.3	0.5	NA	NA	NA	0.1	0.5	0.2	0.2	0.6	0.6	0.0	0.4	0.0	0.3	0.2	0.5	0.0	NA	0.4	0.0	0.4	NA	0.3	NA	NA	NA	0.5	0.5	0.7	NA	NA	NA	0.1	0.3	0.0	0.3	0.3	NA	0.4	0.6	NA	0.5	0.3	0.0	0.3	0.4	0.2	0.1	0.3	0.7	0.0	0.4	NA	0.3	0.2	1.0	0.4	0.0	0.3	0.2	NA	NA	NA	NA	0.1	0.3	NA	0.0	NA	NA	NA	NA
rn_cluster_10.txt	0.0	0.1	0.1	NA	NA	NA	0.2	0.0	0.2	0.3	0.3	0.5	0.5	0.3	1.0	0.7	0.2	NA	0.3	0.2	0.0	0.0	NA	0.3	NA	0.0	0.0	0.2	0.4	NA	0.0	NA	0.4	0.5	0.3	0.2	0.3	NA	0.6	0.2	0.0	0.5	0.4	0.1	0.2	NA	NA	NA	0.3	0.1	0.3	NA	0.0	0.0	0.2	0.3	0.1	0.3	0.0	0.1	0.1	0.4	0.3	0.7	0.1	0.1	0.2	0.4	0.0	0.2	0.2	0.2	0.2	0.2	NA	0.4	0.2	0.7	0.3	NA	NA	NA	0.0	0.4	0.3	NA	0.2	0.4	0.1	NA	0.5	0.0	NA	0.2	0.3	0.3	0.3	NA	0.3	0.2	NA	0.0	0.0	0.5	NA	NA	NA	NA	NA	0.0	0.1	0.6	0.2	0.0	NA	0.0	0.0	0.6	0.6	0.2	0.3	0.2	0.1	0.3	0.4	0.1	0.6	0.4	0.3	0.2	NA	NA	NA	0.4	0.6	0.4	0.1	0.4	0.2	NA	0.4	0.2	0.2	0.4	0.4	0.3	NA	0.6	0.0	0.5	NA	0.5	NA	NA	NA	0.0	0.1	0.3	NA	NA	NA	0.1	0.6	0.2	0.3	0.4	NA	0.3	0.2	NA	0.4	0.0	0.2	0.7	1.0	0.8	0.4	0.0	0.1	0.0	0.5	NA	0.3	0.1	0.0	0.1	0.3	0.0	0.8	NA	NA	NA	NA	0.6	0.0	NA	0.0	NA	NA	NA	NA
rn_cluster_100.txt	0.3	0.1	0.3	NA	NA	NA	0.2	0.0	0.2	0.0	0.3	0.3	0.2	0.3	0.0	0.5	0.2	NA	0.3	0.0	0.0	0.2	NA	0.3	NA	0.2	0.4	0.1	0.3	NA	0.0	NA	0.4	0.5	NA	0.1	0.7	NA	0.1	0.5	0.0	0.4	0.3	0.1	0.3	NA	NA	1.0	0.2	0.2	0.3	NA	0.2	0.5	0.6	0.2	0.2	0.7	0.0	0.3	0.3	0.2	0.4	0.6	0.3	0.1	0.1	0.4	0.0	0.4	0.2	0.4	0.3	0.5	NA	0.3	0.3	0.2	0.3	NA	NA	NA	0.0	0.2	0.4	NA	0.4	0.8	0.3	NA	0.1	0.0	NA	0.2	0.2	0.3	0.3	NA	0.5	0.0	NA	0.0	0.2	0.4	NA	NA	NA	NA	NA	0.0	0.2	0.3	0.0	0.5	NA	1.0	0.7	0.4	0.6	0.0	0.2	0.2	0.4	0.3	0.3	0.3	0.6	0.3	0.3	0.2	NA	NA	NA	0.5	0.6	0.3	0.2	0.4	0.5	NA	0.4	0.0	0.0	0.6	0.4	0.1	NA	0.6	0.0	0.0	NA	0.0	NA	NA	NA	0.2	0.2	0.0	NA	NA	NA	0.0	0.3	0.1	0.0	0.0	NA	0.3	0.4	NA	0.5	0.0	0.0	0.5	0.0	0.4	0.4	NA	0.2	0.3	0.2	NA	NA	0.4	0.4	0.2	1.0	0.2	0.4	NA	NA	NA	NA	0.2	0.0	NA	0.3	NA	NA	NA	NA
rn_cluster_11.txt	0.0	0.1	0.0	NA	NA	NA	0.3	0.2	0.3	0.0	0.4	0.4	0.4	0.3	0.3	0.3	1.0	1.0	0.3	0.0	0.2	0.3	NA	0.2	NA	0.2	0.3	0.1	0.2	NA	0.0	NA	0.2	0.5	0.0	0.0	0.1	NA	0.2	0.5	0.2	0.6	0.2	0.2	0.4	NA	NA	NA	0.2	0.2	0.7	NA	0.5	0.0	0.2	0.5	0.0	0.5	0.0	0.3	0.4	0.2	0.2	0.5	0.3	0.1	0.1	0.4	0.2	0.2	0.0	1.0	0.0	0.2	NA	0.4	0.4	0.2	0.2	NA	NA	NA	0.3	0.3	0.3	NA	0.2	0.0	0.2	NA	0.4	0.3	NA	0.7	0.3	0.4	0.0	NA	0.6	0.2	NA	0.0	0.2	0.4	NA	NA	NA	NA	NA	0.3	0.2	0.1	0.7	0.0	NA	0.3	0.3	0.4	0.0	0.7	0.3	0.0	0.2	0.1	0.4	0.2	0.4	0.3	0.8	0.6	NA	NA	NA	0.3	0.6	0.4	0.2	0.5	0.2	NA	0.5	0.0	0.0	0.5	0.4	0.3	NA	0.3	0.3	0.4	NA	0.0	NA	NA	NA	0.0	0.1	0.3	NA	NA	NA	0.0	0.4	0.2	0.3	0.5	NA	0.3	0.2	NA	0.4	0.7	0.2	0.0	0.3	0.3	0.2	0.0	0.1	0.0	0.3	NA	0.0	0.5	0.0	0.2	0.3	0.4	0.2	NA	NA	NA	NA	0.3	0.3	NA	0.3	NA	NA	NA	NA
rn_cluster_12.txt	0.1	0.4	0.6	NA	NA	NA	0.3	0.2	0.6	0.0	0.0	0.2	0.4	NA	1.0	0.0	0.0	NA	0.0	0.0	0.2	0.0	NA	0.3	NA	0.3	0.4	0.1	0.4	NA	0.2	NA	0.3	0.6	0.5	0.1	0.1	NA	0.1	0.3	0.2	0.3	0.3	0.2	0.5	NA	NA	NA	0.6	0.3	0.0	NA	0.0	0.3	0.2	0.3	0.0	0.4	0.0	0.6	0.1	0.2	0.2	0.6	0.5	0.1	0.0	0.3	0.0	0.1	0.3	0.0	0.5	0.1	NA	0.1	0.0	0.3	NA	NA	NA	1.0	0.3	0.0	0.1	NA	0.5	0.2	0.0	NA	0.1	0.0	NA	0.2	0.1	0.3	0.0	NA	0.4	0.4	NA	0.8	0.3	0.5	NA	NA	NA	NA	NA	0.0	0.2	0.2	0.2	0.3	NA	0.3	0.0	0.5	0.2	0.0	0.2	0.4	0.4	0.1	0.3	0.3	0.4	0.4	0.0	0.4	NA	NA	NA	0.1	0.4	0.5	0.1	0.2	0.1	NA	0.5	0.0	0.2	0.4	0.4	0.1	NA	0.5	0.1	0.2	NA	0.1	NA	NA	NA	0.0	0.2	0.0	NA	NA	NA	0.1	0.5	0.0	0.3	0.5	NA	0.0	0.2	NA	0.3	0.3	0.0	0.0	0.2	0.3	0.3	0.0	0.4	0.0	0.3	0.0	0.3	0.2	0.3	0.5	0.0	0.5	0.2	0.7	NA	NA	NA	0.3	0.3	NA	0.0	NA	NA	NA	NA
rn_cluster_13.txt	0.0	0.1	0.0	NA	NA	NA	0.1	0.2	0.5	0.0	0.3	0.1	0.4	0.0	0.0	1.0	0.2	NA	0.7	0.0	0.2	0.2	NA	0.3	NA	0.7	0.6	0.0	0.1	NA	0.0	NA	0.4	0.5	0.3	0.4	0.1	NA	0.2	0.4	0.4	0.3	0.3	0.2	0.6	NA	NA	NA	0.3	0.3	0.2	NA	0.0	NA	0.4	0.0	0.2	0.4	0.0	0.4	0.4	0.1	0.2	0.5	0.2	0.0	0.1	0.4	0.3	0.1	0.6	0.2	0.1	0.2	NA	0.3	0.0	0.4	0.3	NA	NA	NA	0.2	0.0	0.1	NA	0.4	0.0	0.2	NA	0.3	0.3	NA	0.2	0.4	0.6	0.2	NA	0.5	0.8	NA	0.3	0.3	0.3	NA	NA	NA	NA	NA	1.0	0.3	0.1	0.3	0.3	NA	0.0	0.3	0.2	0.2	0.3	0.4	0.0	0.4	0.0	0.2	0.2	0.6	0.2	0.0	0.4	NA	1.0	NA	0.6	0.5	0.6	0.3	0.5	0.2	NA	0.4	0.5	0.0	0.4	0.4	0.5	NA	0.5	0.2	0.2	NA	0.2	NA	NA	NA	0.2	0.4	0.3	NA	NA	NA	0.6	0.3	0.2	0.0	0.4	NA	0.2	0.2	NA	0.5	0.0	0.2	0.3	0.3	0.1	0.2	0.3	0.7	0.0	0.0	NA	0.3	0.1	0.3	0.4	0.0	0.1	0.0	NA	NA	NA	NA	0.1	0.0	NA	0.3	NA	NA	NA	NA
rn_cluster_14.txt	0.7	0.6	0.0	NA	NA	NA	0.3	0.2	0.0	0.3	0.2	0.2	0.4	0.0	0.0	0.0	0.0	NA	0.1	0.0	0.5	0.2	NA	0.0	NA	0.2	0.4	0.3	0.3	0.2	0.2	NA	0.4	0.6	0.2	0.5	0.4	NA	0.3	0.4	0.2	0.2	0.2	0.3	0.1	NA	NA	NA	0.2	0.4	0.3	NA	0.0	0.3	0.3	0.1	0.2	0.3	0.3	0.4	0.2	0.0	0.4	0.4	0.5	0.2	0.1	0.4	0.4	0.2	0.0	0.0	0.0	0.2	NA	0.2	0.4	0.2	0.3	NA	NA	NA	0.0	0.2	0.2	NA	0.1	0.0	0.5	NA	0.2	0.0	NA	0.0	0.2	0.7	1.0	NA	0.5	0.4	NA	0.7	0.3	0.5	NA	NA	NA	NA	NA	0.0	0.2	0.4	0.3	0.0	NA	0.7	0.3	0.2	0.3	0.7	0.1	0.8	0.2	0.2	0.3	0.1	0.6	0.5	0.3	0.1	NA	NA	NA	0.3	0.3	0.3	0.3	0.3	0.2	NA	0.4	0.3	0.3	0.6	0.5	0.0	NA	0.2	0.5	0.2	NA	0.3	NA	NA	NA	0.3	0.0	0.3	NA	NA	NA	0.2	0.2	0.2	0.0	0.2	NA	0.2	0.4	NA	0.4	0.0	0.4	0.7	0.2	0.4	0.2	0.0	0.7	0.1	0.3	NA	0.3	0.8	0.0	0.0	0.0	0.0	0.8	NA	NA	NA	NA	0.6	0.0	NA	0.3	NA	NA	NA	NA
rn_cluster_15.txt	0.0	0.0	0.4	NA	NA	NA	0.4	0.8	0.2	0.3	0.6	0.3	0.5	0.0	0.0	0.3	0.4	NA	0.0	0.0	0.0	0.3	NA	0.0	NA	0.3	0.0	0.2	0.1	NA	0.4	NA	0.5	0.5	0.3	0.2	0.3	NA	0.2	0.1	0.8	0.4	0.3	0.0	0.0	NA	NA	NA	0.4	0.2	0.3	NA	0.3	0.7	0.2	0.3	0.0	0.6	0.3	0.3	0.3	0.2	0.3	0.4	0.0	0.1	0.0	0.2	0.1	0.4	0.3	0.2	0.5	0.1	NA	0.3	0.0	0.4	0.3	NA	NA	NA	0.3	1.0	0.2	NA	0.4	0.2	0.4	NA	0.0	0.0	NA	0.2	0.5	0.5	NA	NA	0.3	0.3	NA	0.2	0.3	0.5	NA	NA	NA	NA	NA	0.3	0.6	0.3	0.3	0.3	NA	0.2	0.2	0.4	0.2	0.3	0.5	0.1	0.4	0.7	0.5	0.3	0.4	0.2	0.2	0.2	NA	NA	NA	0.3	0.5	0.2	0.2	0.3	0.1	1.0	0.6	0.5	0.0	0.4	0.4	0.2	NA	0.5	0.0	0.2	NA	0.2	NA	NA	NA	0.0	0.1	NA	NA	NA	NA	0.2	0.3	0.3	1.0	0.4	NA	0.5	0.6	NA	0.3	0.4	0.0	0.3	0.0	0.4	0.2	0.2	0.4	0.0	0.2	NA	1.0	0.5	0.0	0.4	1.0	0.4	0.3	NA	NA	NA	NA	0.3	0.0	NA	0.0	NA	NA	NA	NA
rn_cluster_16.txt	0.3	0.0	0.3	NA	NA	NA	0.3	0.4	0.2	0.0	0.2	0.3	0.4	0.2	1.0	0.5	0.2	NA	0.3	0.0	0.5	0.2	NA	1.0	NA	0.2	0.3	0.2	0.1	1.0	0.2	NA	0.5	0.5	0.0	0.1	0.1	NA	0.4	0.1	0.2	0.1	0.3	0.3	0.5	NA	NA	NA	0.1	0.4	0.3	NA	0.3	0.0	0.4	0.2	0.2	0.4	0.4	0.3	0.2	0.1	0.1	0.6	0.6	0.2	0.6	0.3	0.1	0.1	0.4	0.2	0.2	0.3	NA	0.2	0.0	0.2	0.0	NA	NA	NA	0.5	0.3	0.1	NA	0.1	0.2	0.4	NA	0.4	0.0	NA	0.2	0.3	0.2	NA	NA	0.4	0.5	NA	0.0	0.6	0.2	NA	NA	NA	NA	NA	0.0	0.0	0.0	0.3	0.5	NA	0.5	0.3	0.4	0.5	0.0	0.3	0.4	0.4	0.1	0.3	0.2	0.5	0.4	0.3	0.4	NA	NA	NA	0.0	0.6	0.3	0.2	0.2	0.4	NA	0.3	NA	0.0	0.4	0.5	0.0	NA	0.4	0.3	0.2	NA	0.4	NA	NA	NA	0.2	0.1	NA	NA	NA	NA	0.8	0.4	0.4	0.7	0.2	NA	0.0	0.1	NA	0.5	0.5	0.0	0.2	0.4	0.1	0.3	0.3	0.6	0.3	0.4	NA	0.0	0.5	0.0	0.3	0.0	0.0	0.2	NA	NA	NA	NA	0.2	0.0	NA	0.0	NA	NA	NA	1.0
rn_cluster_17.txt	NA	0.6	0.1	NA	NA	NA	0.1	0.0	0.0	NA	0.5	0.2	0.4	0.0	NA	0.0	0.8	NA	0.8	0.5	0.0	0.1	NA	0.0	NA	0.2	0.6	0.3	0.1	NA	0.2	NA	0.5	0.5	0.2	0.0	0.4	NA	0.4	0.5	0.2	0.3	0.4	0.4	0.3	NA	NA	NA	0.3	0.6	0.0	NA	0.7	0.0	0.1	0.1	0.0	0.3	0.0	0.4	0.2	0.2	0.2	0.5	0.3	0.2	0.8	0.3	0.1	0.1	0.4	0.6	0.2	0.2	NA	0.0	0.0	0.2	0.0	NA	NA	NA	0.7	0.2	0.2	NA	0.2	0.0	0.0	NA	0.2	0.3	NA	0.5	0.4	0.4	NA	NA	0.5	0.4	NA	0.3	0.1	0.5	NA	NA	NA	NA	NA	0.0	0.5	0.0	0.3	0.4	NA	0.8	0.0	0.3	0.0	0.0	0.2	0.0	0.2	0.6	0.4	0.4	0.4	0.3	0.3	0.3	NA	NA	NA	0.5	0.5	0.4	0.1	0.3	0.3	NA	0.3	0.3	0.2	0.3	0.4	0.3	NA	0.3	NA	0.3	NA	0.2	NA	NA	NA	0.3	0.1	0.3	NA	NA	NA	0.0	0.3	0.8	0.0	0.7	NA	0.0	0.4	NA	0.5	0.2	0.6	0.2	0.3	0.4	0.2	0.0	0.2	0.0	0.2	NA	1.0	0.6	0.3	0.0	0.5	0.2	0.0	NA	NA	NA	NA	0.3	0.0	NA	0.0	NA	NA	NA	NA
rn_cluster_18.txt	0.0	0.3	0.1	NA	NA	NA	0.6	0.2	0.2	1.0	0.3	0.2	0.4	0.0	0.2	0.3	0.2	NA	0.0	0.3	0.4	0.0	NA	0.3	NA	0.5	0.4	0.2	0.4	NA	0.2	NA	0.5	0.5	0.7	0.5	0.7	NA	0.2	0.1	0.2	0.4	0.1	0.0	0.6	NA	NA	1.0	0.4	0.0	0.6	NA	1.0	NA	0.2	0.0	0.4	0.1	0.0	0.3	0.4	0.5	0.5	0.6	0.3	0.2	0.3	0.5	0.5	0.2	1.0	0.2	0.0	0.1	NA	0.2	0.2	0.3	0.0	NA	NA	NA	0.3	0.0	0.1	NA	0.4	0.5	0.4	NA	0.3	NA	NA	0.8	0.6	0.3	0.5	NA	0.4	0.6	NA	0.3	0.0	0.2	NA	NA	NA	NA	NA	0.0	0.4	0.4	0.2	0.1	NA	0.0	0.0	0.6	0.2	0.2	0.2	0.6	0.5	0.2	0.3	0.4	0.5	0.1	0.7	0.1	NA	NA	NA	0.1	0.4	0.5	0.1	0.3	0.1	NA	0.5	0.3	0.0	0.5	0.3	0.2	NA	0.5	0.0	0.1	NA	0.5	NA	NA	NA	0.2	0.1	0.7	NA	NA	NA	0.2	0.3	0.4	0.0	0.1	NA	1.0	0.2	NA	0.3	0.2	0.3	0.0	0.1	0.0	0.2	0.7	0.3	0.1	0.2	NA	0.0	0.4	0.3	0.5	0.3	0.2	0.2	NA	NA	NA	NA	0.1	0.2	NA	0.0	NA	NA	NA	NA
rn_cluster_19.txt	0.7	0.0	0.0	1.0	NA	NA	0.0	0.2	0.3	0.3	0.3	0.1	0.5	0.0	0.7	0.3	0.0	NA	0.0	0.0	0.0	0.2	NA	0.8	NA	0.4	0.1	0.2	0.4	NA	0.0	NA	0.4	0.6	NA	0.1	0.6	NA	0.2	0.4	0.8	0.1	0.5	0.2	0.1	NA	NA	NA	0.2	0.1	NA	NA	0.3	0.0	0.8	0.2	0.5	0.6	0.0	0.5	0.4	0.1	0.2	0.5	0.3	0.4	0.5	0.5	0.2	0.1	0.0	0.0	0.4	0.3	NA	0.3	0.3	0.5	0.3	NA	NA	NA	0.0	0.0	0.5	NA	0.5	0.3	0.3	NA	0.0	0.2	NA	0.2	0.2	0.4	0.0	NA	0.7	0.2	NA	0.3	0.4	0.4	NA	NA	NA	NA	NA	0.0	0.2	0.3	0.7	0.6	NA	0.0	0.0	0.2	0.2	0.0	0.2	0.0	0.1	0.4	0.4	0.0	0.7	0.2	0.2	0.3	NA	NA	NA	0.2	0.5	0.4	0.4	0.4	0.1	NA	0.3	0.2	0.0	0.4	0.5	0.1	NA	0.6	0.0	0.2	NA	0.2	NA	NA	NA	0.0	0.5	0.0	NA	NA	NA	0.4	0.3	0.2	0.2	0.3	NA	0.0	0.3	NA	0.4	0.0	0.0	0.0	0.3	0.1	0.0	0.0	0.2	0.0	0.4	NA	0.8	0.3	0.3	0.4	0.8	0.2	0.0	NA	NA	NA	NA	0.3	NA	NA	0.3	NA	NA	NA	NA
rn_cluster_2.txt	0.0	0.1	0.1	NA	NA	NA	0.3	0.0	0.0	0.3	0.3	0.1	0.4	0.4	0.0	1.0	0.0	NA	0.3	0.0	0.8	0.0	NA	0.0	NA	0.7	0.6	0.3	0.4	NA	0.2	NA	0.3	0.6	0.0	0.1	0.3	NA	0.2	0.3	0.6	0.1	0.2	0.2	0.1	NA	NA	NA	0.4	0.4	0.0	NA	0.0	0.3	0.3	0.3	0.3	0.4	0.0	0.3	0.3	0.1	0.3	0.7	0.1	0.4	0.0	0.2	0.6	0.1	0.5	0.0	0.2	0.3	NA	0.5	0.6	0.1	0.0	NA	NA	NA	0.7	0.0	0.3	NA	0.2	0.0	0.2	NA	0.0	1.0	NA	0.0	0.3	0.3	0.5	NA	0.5	0.1	NA	0.0	0.1	0.4	NA	NA	NA	NA	NA	0.0	0.3	0.3	0.1	0.5	NA	0.0	0.0	0.4	0.2	0.3	0.4	0.1	0.5	0.2	0.3	0.2	0.5	0.2	NA	0.4	NA	NA	NA	0.3	0.5	0.3	0.2	0.6	0.3	NA	0.6	0.3	0.3	0.5	0.4	0.4	NA	0.3	0.0	0.0	NA	0.2	NA	NA	NA	0.2	0.3	0.3	NA	NA	NA	0.1	0.4	0.0	0.7	0.5	NA	0.4	0.1	NA	0.5	0.2	0.4	0.3	0.1	0.1	0.2	0.3	0.2	0.2	0.2	NA	0.2	0.1	0.3	0.0	0.3	0.2	0.4	NA	NA	NA	NA	0.2	0.5	NA	0.3	NA	NA	NA	NA
rn_cluster_20.txt	0.0	0.3	0.1	NA	NA	NA	0.3	0.3	0.4	0.3	0.2	0.3	0.3	0.0	0.0	0.7	0.5	NA	0.0	0.0	0.4	0.5	NA	0.0	NA	0.0	0.1	0.4	0.3	NA	0.6	NA	0.5	0.4	0.3	0.1	0.0	NA	0.4	0.1	0.2	0.5	0.2	0.0	0.3	NA	NA	NA	0.6	0.4	0.3	NA	0.2	0.0	0.5	0.2	0.2	0.3	0.3	0.3	0.5	0.1	0.0	0.5	0.3	0.3	0.1	0.2	0.2	0.0	1.0	0.3	0.0	0.2	NA	0.3	0.2	0.1	0.0	NA	NA	NA	0.0	0.2	0.0	NA	0.3	0.4	0.4	NA	0.2	0.3	NA	0.5	0.3	0.3	0.0	NA	0.5	0.0	NA	0.3	0.2	0.3	NA	NA	NA	NA	NA	0.0	0.4	0.3	0.4	0.3	NA	0.0	0.3	0.4	0.4	0.3	0.2	0.0	0.5	0.2	0.2	0.2	0.4	0.4	0.3	0.1	NA	NA	1.0	0.2	0.5	0.4	0.2	0.3	0.1	NA	0.5	0.5	0.0	0.5	0.6	0.1	NA	0.3	0.0	0.3	NA	0.1	NA	NA	NA	0.2	0.1	1.0	NA	NA	NA	0.1	0.2	0.3	0.7	0.3	NA	0.5	0.3	NA	0.5	0.4	0.4	0.2	0.3	0.0	0.2	0.3	0.2	0.0	0.2	NA	0.1	0.4	0.0	0.3	0.0	0.1	0.0	NA	NA	NA	NA	0.4	0.3	NA	0.3	NA	NA	NA	NA
rn_cluster_21.txt	NA	0.6	0.3	NA	NA	NA	0.1	0.4	0.4	0.5	0.6	0.4	0.3	0.7	1.0	0.3	0.0	NA	0.5	0.0	0.5	0.2	NA	0.3	NA	0.0	0.0	0.0	0.4	NA	0.3	NA	0.2	0.5	NA	0.2	0.0	NA	0.3	0.1	0.0	0.7	0.1	0.0	0.1	NA	NA	NA	0.4	0.5	0.1	NA	0.3	0.3	0.3	0.0	0.5	0.5	0.0	0.3	0.3	0.3	0.2	0.7	0.1	0.0	0.3	0.3	0.2	0.3	0.4	0.0	0.2	0.2	NA	0.4	0.1	0.2	0.0	NA	NA	NA	0.3	0.5	0.1	NA	0.6	0.6	0.4	NA	0.5	0.0	NA	0.0	0.1	0.7	0.2	NA	0.4	0.1	NA	0.8	0.2	0.5	NA	NA	NA	NA	NA	0.0	0.4	0.3	0.7	0.1	NA	1.0	0.2	0.4	0.3	0.0	0.2	0.2	0.2	0.1	0.4	0.5	0.4	0.4	0.0	0.2	NA	NA	NA	0.1	0.3	0.4	0.8	0.4	0.1	NA	0.5	NA	0.0	0.3	0.6	0.3	NA	0.4	0.3	0.2	NA	0.2	NA	NA	NA	0.3	0.5	NA	NA	NA	NA	0.0	0.2	0.0	0.3	0.5	NA	0.3	0.3	NA	0.2	0.7	0.2	0.5	0.3	0.2	0.2	0.0	0.4	NA	0.2	NA	0.3	0.2	0.0	0.0	0.3	0.1	0.2	NA	NA	NA	NA	0.2	0.0	NA	0.0	NA	NA	NA	NA
rn_cluster_22.txt	0.0	0.4	0.1	NA	NA	NA	0.2	0.3	0.0	0.3	0.7	0.3	0.5	0.3	0.0	0.0	0.5	NA	0.0	0.2	0.5	0.5	NA	NA	NA	0.2	0.6	0.4	0.4	NA	0.0	NA	0.2	0.5	0.0	0.1	0.0	NA	0.4	0.0	0.0	0.4	0.2	0.1	0.4	NA	NA	1.0	0.2	0.2	0.0	NA	0.3	0.0	0.1	0.2	0.2	0.2	0.3	0.2	0.3	0.5	0.4	0.6	0.1	0.3	0.4	0.3	0.0	0.2	0.1	0.4	0.0	0.5	NA	0.3	0.2	0.3	0.1	NA	NA	NA	0.0	0.5	0.0	NA	0.3	0.0	0.4	NA	0.3	0.3	NA	0.2	0.3	0.6	0.7	NA	0.6	0.2	NA	0.0	0.6	0.2	NA	NA	NA	NA	NA	0.0	0.4	0.3	0.2	0.3	NA	0.0	0.0	0.4	0.0	0.3	0.4	0.0	0.5	0.1	0.4	0.3	0.5	0.6	0.0	0.2	NA	NA	NA	0.4	0.5	0.5	0.4	0.2	0.3	NA	0.5	0.0	0.0	0.3	0.5	0.3	NA	0.3	0.3	0.8	NA	0.2	NA	NA	NA	0.0	0.5	0.0	NA	NA	NA	0.5	0.4	0.0	0.0	0.3	NA	0.8	0.4	NA	0.5	0.2	0.2	0.3	0.6	0.1	0.3	0.0	0.3	0.5	0.1	NA	0.0	0.2	0.0	0.3	0.0	0.5	0.4	NA	NA	NA	NA	0.2	0.5	NA	0.2	NA	NA	NA	NA
rn_cluster_23.txt	0.0	0.5	0.2	NA	NA	NA	0.1	0.2	0.2	0.2	0.1	0.4	0.4	0.7	0.0	0.0	0.0	NA	0.5	0.3	0.3	0.6	NA	0.0	NA	0.4	0.4	0.5	0.4	NA	0.2	NA	0.3	0.5	1.0	0.4	0.3	NA	0.0	0.0	0.5	0.5	0.5	0.0	0.4	NA	NA	NA	0.1	0.1	0.3	NA	NA	1.0	0.5	0.2	0.5	0.2	0.0	0.4	0.4	0.3	0.4	0.6	0.1	0.2	0.6	0.3	0.3	0.5	0.2	0.0	0.0	0.2	NA	0.3	0.4	0.2	0.0	NA	NA	NA	0.0	0.0	0.4	NA	0.1	0.2	0.1	NA	0.3	0.0	NA	0.0	0.4	0.7	NA	NA	0.5	0.2	NA	0.8	0.6	0.3	NA	NA	NA	NA	NA	1.0	0.6	0.3	0.4	0.4	NA	0.0	0.3	0.2	0.0	0.4	0.1	0.1	0.1	0.1	0.4	0.4	0.5	0.2	0.2	0.1	NA	NA	NA	0.1	0.6	0.2	0.2	0.2	0.1	NA	0.5	0.3	0.0	0.5	0.3	0.0	NA	0.4	0.0	0.1	NA	0.2	NA	NA	NA	0.8	0.2	0.0	NA	NA	NA	0.0	0.6	0.3	0.7	0.4	NA	0.0	0.3	NA	0.3	0.2	0.2	0.0	0.2	0.1	0.1	0.2	0.2	0.0	0.4	NA	NA	0.4	0.2	0.4	NA	0.4	0.2	NA	NA	NA	NA	0.3	NA	NA	0.0	NA	NA	NA	NA
rn_cluster_24.txt	0.3	0.1	0.1	NA	NA	NA	0.3	0.0	0.4	0.0	0.3	0.3	0.2	0.0	0.0	0.3	0.3	NA	0.0	0.2	0.3	0.0	NA	0.3	NA	0.0	0.1	0.2	0.4	NA	0.2	NA	0.4	0.7	0.3	0.1	0.0	NA	0.1	0.7	0.0	0.1	0.4	0.3	0.2	NA	NA	NA	0.3	0.4	0.1	NA	0.7	0.0	0.1	0.7	0.5	0.2	0.3	0.2	0.4	0.2	0.5	0.5	0.2	0.4	0.4	0.2	0.2	0.3	0.4	0.7	0.0	0.3	NA	0.2	0.0	0.4	0.0	NA	NA	NA	0.0	0.2	0.2	NA	0.1	0.5	0.2	NA	0.3	0.2	NA	0.0	0.3	0.4	0.0	NA	0.5	0.1	NA	0.3	0.1	0.3	NA	NA	NA	NA	NA	0.3	0.2	0.5	0.5	0.0	NA	0.5	0.0	0.2	0.8	0.0	0.3	0.8	0.2	0.7	0.5	0.5	0.6	0.3	0.0	0.8	NA	NA	NA	0.2	0.4	0.4	0.3	0.4	0.2	NA	0.4	0.3	0.8	0.4	0.5	0.1	NA	0.5	0.0	0.7	NA	0.3	NA	NA	NA	0.2	0.1	0.3	NA	NA	NA	0.5	0.3	0.3	0.0	0.2	NA	0.3	0.2	NA	0.6	0.0	0.4	0.0	0.4	0.1	0.5	0.3	0.2	0.0	0.5	NA	0.3	0.2	0.0	0.4	0.5	0.4	0.2	NA	NA	NA	NA	0.2	0.0	NA	0.0	NA	NA	NA	NA
rn_cluster_25.txt	NA	0.1	0.4	NA	NA	NA	0.4	0.3	0.2	0.0	0.5	0.3	0.5	0.3	0.6	0.3	0.8	NA	0.3	0.2	0.2	0.3	NA	0.0	NA	0.5	0.4	0.1	0.2	NA	0.0	NA	0.5	0.6	0.2	0.1	0.1	NA	0.1	0.0	0.3	0.2	0.1	0.6	0.2	NA	NA	NA	0.2	0.3	0.7	NA	0.0	0.0	0.1	0.3	0.1	0.3	0.0	0.1	0.2	0.4	0.2	0.5	0.6	0.3	0.3	0.4	0.2	0.2	0.2	0.2	0.0	0.5	NA	0.3	0.2	0.4	1.0	NA	NA	NA	0.5	0.2	0.2	NA	0.4	0.2	0.2	NA	0.2	0.0	NA	0.2	0.3	0.3	0.5	NA	0.6	0.0	NA	0.0	0.1	0.5	NA	NA	NA	NA	NA	0.0	0.3	0.0	0.3	0.1	NA	0.5	0.3	0.3	0.6	0.5	0.4	0.0	0.3	0.1	0.3	0.3	0.6	0.3	0.3	0.5	NA	NA	NA	0.0	0.4	0.2	0.0	0.2	0.3	NA	0.3	0.0	0.3	0.4	0.4	0.0	NA	0.3	0.4	0.3	NA	0.1	NA	NA	NA	0.3	0.0	0.3	NA	NA	NA	0.1	0.3	0.4	0.5	0.6	NA	0.5	0.5	NA	0.5	0.3	0.0	0.7	0.1	0.5	0.2	0.0	0.4	0.0	0.2	NA	NA	0.1	0.3	0.0	0.0	0.5	0.2	NA	NA	NA	NA	0.0	0.3	NA	0.0	NA	NA	NA	NA
rn_cluster_26.txt	0.0	0.4	0.0	NA	NA	NA	0.3	0.8	0.7	0.3	0.2	0.7	0.2	0.6	0.0	0.5	0.4	NA	0.0	0.1	0.3	0.1	NA	0.0	NA	0.3	0.4	0.2	0.2	NA	0.1	NA	0.2	0.7	0.0	0.0	0.2	NA	0.3	0.0	0.4	0.5	0.4	0.8	0.3	NA	NA	NA	0.3	0.1	0.0	NA	0.3	0.0	0.2	0.2	0.1	0.5	0.0	0.1	0.4	0.3	0.2	0.6	0.3	0.4	0.3	0.1	0.2	0.5	0.4	0.4	0.6	0.1	NA	0.4	0.2	0.2	NA	NA	NA	NA	0.0	0.4	0.7	NA	0.4	0.8	0.2	NA	0.2	0.3	NA	0.3	0.1	0.3	0.3	NA	0.4	0.2	NA	0.0	0.2	0.4	NA	NA	NA	NA	NA	0.0	0.5	0.2	0.2	0.1	NA	0.0	0.0	0.3	0.6	0.2	0.3	0.4	0.1	0.4	0.4	0.0	0.4	0.3	0.0	0.3	NA	NA	NA	0.4	0.3	0.4	0.1	0.5	0.2	NA	0.2	0.5	0.0	0.5	0.5	0.3	NA	0.4	0.2	0.2	NA	0.4	NA	NA	NA	0.2	0.4	0.3	NA	NA	NA	0.0	0.4	0.0	0.0	0.3	NA	0.2	0.4	0.0	0.4	0.3	0.0	0.7	0.2	0.2	0.4	0.3	0.3	0.0	0.6	NA	0.3	0.1	0.0	0.4	0.0	0.3	0.2	NA	NA	NA	NA	0.2	0.2	NA	0.0	NA	NA	NA	NA
rn_cluster_27.txt	0.3	0.1	0.2	NA	NA	NA	0.7	0.2	0.4	0.0	0.1	0.4	0.3	0.7	0.0	0.3	0.0	NA	0.2	0.4	0.3	0.1	NA	0.3	NA	0.2	0.0	0.0	0.1	NA	0.2	NA	0.4	0.5	0.2	0.1	0.1	NA	0.1	0.4	0.2	0.7	0.2	0.4	0.1	NA	NA	NA	0.3	0.4	0.0	NA	0.0	0.2	0.1	0.1	0.2	0.4	0.0	0.1	0.2	0.0	0.2	0.6	0.3	0.2	0.0	0.2	0.3	0.2	0.0	0.2	0.0	0.0	NA	0.1	0.1	0.3	0.0	NA	NA	NA	0.0	0.2	0.2	NA	0.1	0.2	0.2	NA	0.2	0.0	NA	0.2	0.1	0.3	0.0	NA	0.4	0.0	NA	0.0	0.2	0.4	NA	NA	NA	NA	NA	0.7	0.4	0.1	0.0	0.1	NA	0.5	0.0	0.2	0.6	NA	0.1	0.4	0.3	0.0	0.3	0.3	0.4	0.5	0.0	0.3	NA	NA	NA	0.2	0.7	0.5	0.3	0.2	0.2	NA	0.2	1.0	0.2	0.4	0.5	0.5	NA	0.5	0.7	0.5	NA	0.3	NA	NA	NA	0.2	0.1	0.0	NA	NA	NA	0.1	0.5	0.4	0.0	0.1	NA	0.2	0.2	NA	0.6	0.2	0.2	0.5	0.1	0.4	0.1	0.0	0.3	NA	0.2	NA	0.7	0.2	0.2	0.5	0.3	0.0	0.4	NA	NA	NA	NA	0.2	0.3	NA	0.0	NA	NA	NA	NA
rn_cluster_28.txt	0.0	0.0	0.6	NA	NA	NA	0.0	0.5	0.2	0.2	0.2	0.2	0.4	NA	0.2	0.3	0.4	NA	0.0	0.2	0.4	0.5	NA	0.0	NA	0.0	0.1	0.1	0.5	NA	0.0	NA	0.3	0.6	0.0	0.0	0.5	NA	0.3	0.1	0.1	0.4	0.3	0.4	0.2	NA	NA	NA	0.3	0.1	0.0	NA	0.3	0.3	0.1	0.4	0.0	0.3	0.0	0.2	0.4	0.5	0.2	0.6	0.4	0.4	0.3	0.6	0.0	0.2	0.0	0.0	0.0	0.5	NA	0.2	0.2	0.1	0.3	NA	NA	NA	0.3	0.0	0.1	NA	0.2	0.0	0.6	NA	0.2	0.7	NA	0.0	0.4	0.3	0.3	NA	0.5	0.3	NA	0.3	0.0	0.4	NA	NA	NA	NA	NA	0.3	0.2	0.0	0.2	0.1	NA	0.3	0.3	0.3	0.0	0.3	0.2	0.4	0.3	0.5	0.3	0.2	0.4	0.3	0.0	0.6	NA	NA	NA	0.4	0.5	0.4	0.2	0.4	0.5	NA	0.3	0.0	0.0	0.5	0.3	0.0	NA	0.5	0.0	0.0	NA	0.2	NA	NA	NA	0.2	0.1	0.3	NA	NA	NA	0.0	0.2	0.0	0.3	0.1	NA	0.4	0.3	NA	0.4	0.0	0.0	0.0	0.5	0.1	0.4	0.0	0.3	0.3	0.2	NA	0.3	0.3	0.0	0.1	0.0	0.0	0.2	1.0	NA	NA	NA	0.2	0.3	NA	0.0	NA	NA	NA	NA
rn_cluster_29.txt	0.7	0.1	0.3	NA	NA	NA	0.3	0.2	0.0	0.0	0.4	0.4	0.5	0.0	0.0	0.0	0.0	NA	0.0	0.8	0.8	0.0	NA	0.0	NA	0.2	0.1	0.2	0.3	NA	0.0	NA	0.6	0.4	0.3	0.4	0.0	NA	0.2	0.0	0.2	0.5	0.3	0.8	0.1	NA	NA	NA	0.4	0.6	0.0	NA	0.2	0.2	0.1	0.2	0.0	0.3	0.0	0.1	0.3	0.1	0.5	0.8	0.2	0.3	0.4	0.1	0.2	0.6	0.3	0.5	0.2	0.1	NA	0.1	0.4	0.4	0.0	NA	NA	NA	0.0	0.2	0.3	NA	0.3	0.8	0.1	NA	0.2	0.0	NA	0.0	0.0	0.4	0.0	NA	0.4	0.0	1.0	0.0	0.1	0.4	NA	NA	NA	NA	NA	0.3	0.1	0.2	0.2	0.1	NA	0.5	0.5	0.4	0.2	0.0	0.3	0.2	0.5	0.6	0.3	0.5	0.4	0.5	0.7	0.3	NA	NA	0.0	0.0	0.5	0.4	0.4	0.3	0.3	NA	0.4	0.0	1.0	0.4	0.5	0.2	NA	0.5	0.0	0.4	NA	0.3	NA	NA	NA	0.2	0.1	0.5	NA	NA	NA	0.2	0.4	0.0	0.3	0.4	NA	0.2	0.2	NA	0.6	0.0	0.3	0.7	0.5	0.0	0.4	0.5	0.2	0.0	0.5	NA	0.0	0.0	0.3	0.6	0.0	0.2	0.2	NA	NA	NA	NA	0.2	0.2	NA	0.0	NA	NA	NA	NA
rn_cluster_3.txt	0.0	0.3	0.2	NA	NA	NA	0.3	0.3	0.2	0.2	0.3	0.2	0.4	0.3	0.0	0.3	0.2	NA	0.7	0.2	0.3	0.4	NA	0.0	NA	0.2	0.0	0.6	0.1	NA	0.0	NA	0.3	0.5	0.0	0.8	0.3	NA	0.1	0.8	0.3	0.2	0.5	0.2	0.3	NA	NA	NA	0.4	0.4	0.5	NA	0.3	0.3	0.3	0.3	0.5	0.3	0.2	0.2	0.2	0.4	0.2	0.5	0.2	0.1	0.1	0.2	0.2	0.6	0.2	0.8	0.8	0.3	NA	0.4	0.1	0.2	0.0	NA	NA	NA	NA	NA	0.1	NA	0.3	0.0	0.2	0.0	0.2	0.3	NA	0.5	0.4	0.6	0.3	NA	0.4	0.1	NA	0.3	0.4	0.5	NA	NA	NA	NA	NA	0.3	0.1	0.4	0.2	0.5	NA	0.0	0.0	0.5	0.3	0.0	0.1	0.0	0.4	0.3	0.6	0.2	0.5	0.3	NA	0.0	NA	NA	NA	0.2	0.3	0.3	0.1	0.4	0.2	NA	0.3	1.0	0.0	0.4	0.7	0.0	NA	0.4	0.7	0.5	NA	0.2	NA	NA	1.0	0.2	0.4	0.3	NA	1.0	NA	0.3	0.3	0.2	0.0	0.4	NA	0.2	0.4	NA	0.6	0.5	0.0	0.0	0.0	0.6	0.2	1.0	0.3	0.0	0.4	NA	0.0	0.3	0.3	0.1	0.3	0.0	0.2	1.0	0.0	NA	NA	0.4	0.5	NA	0.8	NA	NA	NA	NA
rn_cluster_30.txt	NA	0.6	0.1	NA	NA	NA	0.4	0.1	0.5	0.0	0.1	0.3	0.3	0.0	0.3	0.3	0.5	NA	NA	0.5	0.0	0.2	NA	0.0	NA	0.0	0.1	0.5	0.2	NA	0.8	NA	0.4	0.5	0.0	0.0	0.1	NA	0.2	0.7	0.5	0.4	0.3	0.2	0.3	NA	NA	NA	0.5	0.2	0.1	NA	NA	0.0	0.2	0.1	0.5	0.6	0.7	0.3	0.2	0.2	0.5	0.8	0.1	0.1	0.3	0.2	0.2	0.3	0.0	0.2	0.0	0.3	NA	0.5	0.8	0.2	0.3	NA	NA	1.0	0.7	0.0	0.3	NA	0.3	0.2	0.4	NA	0.5	NA	NA	0.3	0.3	0.4	0.0	NA	0.4	0.0	NA	0.7	0.1	0.2	NA	NA	NA	NA	NA	0.0	0.4	0.3	0.0	0.1	NA	0.0	1.0	0.5	0.2	0.3	0.3	0.0	0.5	0.3	0.4	0.3	0.4	0.2	0.3	0.2	NA	NA	NA	0.4	0.5	0.4	0.3	0.3	0.1	NA	0.5	NA	0.0	0.4	0.8	0.1	NA	0.3	0.7	0.0	NA	0.0	NA	NA	NA	0.7	0.3	0.0	NA	NA	NA	0.3	0.2	0.5	0.5	0.3	NA	0.3	0.1	NA	0.4	0.6	0.1	0.0	0.6	0.6	0.7	0.0	0.3	0.3	0.1	NA	0.5	0.4	0.3	0.6	1.0	0.3	0.5	NA	NA	NA	NA	0.3	0.3	NA	1.0	NA	NA	NA	NA
rn_cluster_31.txt	0.0	0.5	0.3	NA	NA	NA	0.3	0.2	0.2	1.0	0.4	0.5	0.6	0.0	0.0	0.2	0.4	NA	0.7	0.2	1.0	0.1	NA	0.0	NA	0.2	0.1	0.4	0.3	NA	0.7	NA	0.4	0.6	0.5	0.1	0.0	NA	0.1	0.0	0.0	0.3	0.2	0.4	0.1	NA	NA	NA	0.2	0.4	0.0	NA	0.0	0.3	0.2	0.5	0.0	0.3	0.3	0.1	0.2	0.1	0.3	0.5	0.3	0.2	0.6	0.4	0.2	0.4	0.0	0.4	0.4	0.3	NA	0.1	0.0	0.4	0.3	NA	NA	NA	0.0	0.0	0.0	NA	0.1	0.2	0.2	NA	0.2	0.0	NA	0.2	0.4	0.3	0.0	NA	0.4	0.7	NA	0.3	0.2	0.5	NA	NA	NA	NA	NA	0.0	0.3	0.1	0.6	0.6	NA	0.3	1.0	0.5	0.0	0.3	0.3	0.2	0.4	0.4	0.3	0.0	0.4	0.6	0.0	0.5	NA	NA	NA	0.4	0.4	0.3	0.3	0.5	0.3	NA	0.4	0.0	0.5	0.4	0.5	0.1	NA	0.3	0.0	0.0	NA	0.5	NA	NA	NA	0.0	1.0	NA	NA	NA	NA	0.1	0.4	0.0	NA	0.3	NA	0.4	0.2	NA	0.4	0.0	0.0	0.0	0.2	0.1	0.6	0.0	0.4	0.4	0.1	NA	0.0	0.5	0.3	0.4	0.0	0.2	0.2	NA	NA	NA	NA	0.5	0.7	NA	0.3	NA	NA	NA	NA
rn_cluster_32.txt	0.3	0.3	0.3	NA	NA	NA	0.4	0.0	0.0	0.0	0.2	0.2	0.6	0.0	0.3	0.0	0.4	NA	0.0	0.0	0.2	0.2	NA	0.3	NA	0.0	0.4	0.2	0.4	NA	0.2	NA	0.6	0.6	0.2	0.5	0.5	NA	0.3	0.3	0.3	0.4	0.4	0.5	0.3	NA	NA	NA	0.2	0.2	0.0	NA	NA	0.8	0.2	0.2	0.4	0.4	0.4	0.1	0.5	0.0	0.4	0.5	0.5	0.4	0.4	0.2	0.2	0.2	0.4	0.0	0.1	0.6	NA	0.2	0.2	0.2	0.3	NA	NA	1.0	0.3	0.2	0.1	NA	0.6	0.0	0.3	NA	0.3	0.2	NA	0.8	0.1	0.5	0.0	NA	0.6	0.6	NA	0.3	0.4	0.5	NA	NA	NA	NA	NA	0.5	0.1	0.1	0.1	0.2	NA	0.0	0.0	0.4	0.0	0.8	0.4	0.2	0.4	0.6	0.3	0.2	0.5	0.1	NA	0.2	NA	NA	NA	0.4	0.7	0.3	0.0	0.5	0.2	NA	0.5	0.7	0.0	0.3	0.3	0.4	NA	0.4	0.4	0.4	NA	0.2	1.0	NA	NA	0.2	0.1	0.0	1.0	NA	NA	0.0	0.4	0.0	0.0	0.5	NA	0.0	0.4	NA	0.6	0.5	0.2	0.0	0.2	0.4	0.2	0.0	0.6	0.3	0.2	NA	0.5	0.6	NA	0.2	0.0	0.0	0.5	NA	NA	NA	NA	0.3	0.0	NA	NA	NA	NA	NA	NA
rn_cluster_33.txt	0.0	0.1	0.1	NA	NA	NA	0.2	0.2	0.7	0.3	0.2	0.3	0.2	0.0	NA	0.0	0.2	NA	0.0	0.0	0.2	0.4	NA	0.3	NA	0.0	0.3	0.0	0.3	NA	0.0	NA	0.4	0.6	0.0	0.4	0.0	NA	0.3	0.2	0.0	0.2	0.1	0.2	0.6	NA	NA	NA	0.3	0.2	0.3	NA	0.3	NA	0.6	0.3	0.3	0.5	NA	0.1	0.2	0.4	0.1	0.6	0.2	0.4	0.1	0.3	0.5	0.1	0.7	0.2	0.0	0.4	NA	0.1	0.4	0.1	0.3	NA	NA	NA	NA	0.4	0.5	NA	0.2	0.4	0.2	NA	0.5	0.0	NA	0.2	0.3	0.4	0.0	NA	0.4	0.3	NA	0.3	0.2	0.2	NA	NA	NA	NA	NA	0.7	0.4	0.3	0.4	0.1	NA	0.5	1.0	0.3	0.0	0.0	0.3	0.4	0.2	0.1	0.4	0.2	0.5	0.2	0.0	0.2	NA	NA	NA	0.6	0.6	0.3	0.4	0.3	0.3	NA	0.4	0.3	0.3	0.3	0.5	0.3	NA	0.3	1.0	0.2	NA	0.2	NA	NA	NA	0.6	0.2	0.0	NA	NA	NA	0.1	0.3	0.3	NA	0.3	NA	0.8	0.2	NA	0.5	0.0	0.3	0.3	0.0	0.0	0.2	0.0	0.5	0.2	0.5	NA	0.0	0.6	0.7	0.0	0.3	0.2	0.8	NA	NA	NA	NA	0.1	0.2	NA	0.0	NA	NA	NA	NA
rn_cluster_34.txt	1.0	0.1	0.0	NA	NA	NA	0.0	0.2	0.0	0.2	0.4	0.4	0.4	0.0	0.0	0.3	0.5	NA	0.0	0.4	0.1	0.0	NA	0.0	NA	0.1	0.2	0.4	0.6	NA	0.2	NA	0.3	0.6	NA	0.3	0.0	NA	0.2	0.3	0.0	0.4	0.4	0.4	0.1	NA	NA	NA	0.2	0.2	0.7	NA	0.0	0.0	0.0	0.2	NA	0.3	0.1	0.1	0.3	0.1	0.3	0.6	0.4	0.4	0.7	0.2	0.2	0.4	0.2	0.0	0.4	0.4	NA	0.2	0.2	0.2	0.0	NA	NA	NA	NA	0.2	0.2	NA	0.3	0.0	0.0	NA	0.4	0.0	NA	0.3	0.1	0.3	0.0	NA	0.5	0.2	NA	0.2	0.0	0.4	NA	NA	NA	NA	NA	0.0	0.0	0.1	0.2	0.0	NA	0.0	0.0	0.5	0.0	0.2	0.5	0.2	0.4	0.1	0.4	0.4	0.5	0.5	0.0	0.3	NA	NA	NA	0.0	0.5	0.3	0.2	0.5	0.6	NA	0.7	0.0	0.5	0.2	0.4	0.8	NA	0.7	0.0	0.2	NA	0.1	NA	NA	NA	0.0	0.1	0.0	NA	NA	NA	0.0	0.2	0.2	0.0	0.6	NA	0.0	0.3	NA	0.4	0.2	0.3	0.7	0.3	0.2	0.2	0.3	0.1	0.3	0.4	NA	0.0	0.2	0.0	0.4	0.0	0.2	0.3	NA	NA	NA	NA	0.6	0.3	NA	0.0	NA	NA	NA	NA
rn_cluster_35.txt	0.2	0.0	0.6	NA	NA	NA	0.2	0.0	0.0	0.2	0.3	0.5	0.3	0.0	0.3	0.0	0.1	NA	NA	0.2	0.2	0.3	NA	0.0	NA	0.4	0.4	0.1	0.2	NA	0.2	NA	0.5	0.6	0.2	0.0	0.1	NA	0.1	0.1	0.0	0.3	0.1	0.1	0.2	NA	NA	NA	0.4	0.2	0.0	NA	0.3	1.0	0.2	0.3	0.0	0.5	0.3	0.2	0.6	0.2	0.3	0.5	0.2	0.0	0.5	0.3	0.3	0.2	0.5	0.4	0.4	0.3	NA	0.2	0.2	0.2	0.0	NA	NA	NA	0.3	0.0	0.0	NA	0.2	0.2	0.1	NA	0.4	0.3	NA	0.3	0.2	0.3	0.3	NA	0.4	0.3	NA	0.0	0.0	0.2	NA	NA	NA	NA	NA	0.3	0.2	0.2	0.0	0.2	NA	0.8	0.3	0.1	0.0	0.0	0.1	0.0	0.1	0.1	0.4	0.5	0.3	0.1	0.3	0.9	NA	NA	NA	0.1	0.6	0.5	0.1	0.4	0.1	NA	0.4	0.0	0.3	0.3	0.6	0.8	NA	0.4	0.0	0.3	NA	0.4	NA	NA	NA	0.2	0.2	0.0	NA	NA	NA	0.5	0.5	0.4	0.0	0.4	NA	0.2	0.1	NA	0.5	0.2	0.0	0.8	0.3	0.2	0.0	0.5	0.1	0.2	0.4	NA	0.0	0.2	0.0	0.1	0.0	0.4	0.2	NA	NA	NA	NA	0.2	0.7	NA	1.0	NA	NA	NA	NA
rn_cluster_36.txt	0.0	0.1	0.1	NA	NA	NA	0.2	0.6	0.0	0.0	0.2	0.3	0.3	0.3	0.0	0.0	0.0	1.0	0.0	0.4	0.0	0.3	NA	0.0	NA	0.2	0.2	0.1	0.1	NA	0.2	NA	0.5	0.6	0.3	0.4	0.1	NA	0.4	0.1	0.2	0.2	0.9	0.0	0.0	NA	NA	NA	0.0	0.3	0.3	NA	0.0	0.3	0.1	0.1	0.3	0.4	0.0	0.4	0.3	0.5	0.2	0.4	0.1	0.1	0.0	0.2	0.1	0.7	0.8	0.0	0.2	0.1	NA	0.5	0.2	0.2	0.0	NA	NA	NA	0.3	0.7	0.1	NA	0.5	0.2	0.4	NA	0.3	NA	NA	0.0	0.1	0.5	0.0	NA	0.7	0.5	NA	0.0	0.2	0.3	NA	NA	NA	NA	NA	0.3	0.1	0.2	0.0	0.0	NA	0.0	1.0	0.4	0.2	0.3	0.3	0.4	0.2	0.0	0.3	0.2	0.5	0.1	1.0	0.2	NA	NA	NA	0.6	0.4	0.6	0.2	0.5	0.1	NA	0.4	0.3	0.0	0.3	0.5	0.1	NA	0.2	0.0	0.2	NA	0.2	NA	NA	NA	0.8	0.1	0.0	NA	NA	NA	0.3	0.4	0.1	NA	0.2	NA	0.2	0.3	NA	0.5	0.2	0.3	1.0	0.2	0.2	0.8	0.3	0.3	0.0	0.3	NA	0.0	0.4	0.0	0.3	0.0	0.4	0.2	NA	NA	NA	NA	0.2	0.5	NA	0.2	NA	NA	NA	NA
rn_cluster_37.txt	0.5	0.2	0.3	NA	NA	NA	0.2	0.3	0.0	0.0	0.1	0.2	0.5	0.0	0.7	0.3	0.2	NA	0.0	0.0	0.6	0.0	NA	0.2	NA	0.4	0.3	0.2	0.4	NA	0.4	NA	0.6	0.6	0.0	0.6	0.3	NA	0.5	0.2	0.0	0.2	0.0	0.0	0.1	NA	NA	NA	0.3	0.0	0.0	NA	0.3	0.0	0.1	0.4	0.5	0.3	0.3	0.4	0.1	0.2	0.2	0.5	0.4	0.6	0.3	0.3	0.3	0.1	0.5	0.0	0.4	0.1	NA	0.4	0.1	0.3	0.0	NA	NA	NA	0.7	0.3	0.4	NA	0.4	0.2	0.4	NA	0.5	0.0	NA	0.2	0.1	0.4	0.2	NA	0.5	0.3	NA	0.3	0.2	0.4	NA	NA	NA	NA	NA	0.0	0.3	0.2	0.2	0.7	NA	0.2	0.0	0.3	0.0	0.3	0.2	0.8	0.2	0.0	0.1	0.0	0.3	0.2	0.3	0.7	NA	NA	NA	0.1	0.5	0.3	0.3	0.6	0.2	NA	0.3	0.0	0.2	0.6	0.5	0.3	NA	0.4	0.3	0.1	NA	0.2	NA	NA	NA	0.2	0.0	0.7	NA	NA	NA	0.5	0.5	0.2	0.3	0.5	NA	0.0	0.1	NA	0.5	0.1	0.1	0.0	0.1	0.3	0.1	1.0	0.2	0.0	0.3	NA	0.0	0.3	0.7	0.4	0.0	0.2	0.2	0.0	NA	NA	NA	0.2	NA	NA	1.0	NA	NA	NA	NA
rn_cluster_38.txt	0.0	0.2	0.4	NA	NA	NA	0.3	0.5	1.0	0.0	0.3	0.5	0.3	0.3	1.0	0.8	0.2	NA	NA	0.0	0.2	0.2	NA	0.0	NA	0.3	0.2	0.4	0.4	NA	0.4	NA	0.6	0.6	0.7	0.0	0.3	NA	0.2	0.3	0.4	0.4	0.4	0.1	0.3	NA	NA	NA	0.6	0.3	0.0	NA	0.8	0.3	0.2	0.3	0.5	0.2	0.3	0.2	0.3	0.2	0.6	0.5	0.6	0.1	0.6	0.5	0.1	0.0	0.0	0.4	0.2	0.2	NA	0.1	0.0	0.5	0.0	NA	NA	NA	0.0	0.4	0.0	NA	0.2	0.8	0.2	NA	0.1	0.3	NA	0.0	0.1	0.4	0.8	NA	0.4	0.3	NA	0.0	0.5	0.5	NA	NA	NA	NA	NA	NA	0.2	0.2	0.2	0.3	NA	0.0	0.0	0.2	0.5	0.0	0.0	0.2	0.1	0.4	0.3	0.3	0.6	0.5	0.3	0.1	NA	NA	NA	0.3	0.6	0.5	0.2	0.3	0.3	NA	0.4	0.0	0.0	0.4	0.3	0.1	NA	0.5	0.3	0.4	NA	0.6	NA	NA	NA	0.0	0.4	0.3	NA	NA	NA	0.1	0.3	0.2	0.0	0.8	NA	0.0	0.1	NA	0.4	0.2	0.0	0.0	0.2	0.0	0.4	0.3	0.4	0.0	0.2	NA	0.3	0.2	0.0	0.2	0.3	0.0	0.0	NA	1.0	NA	NA	0.0	0.0	NA	0.0	NA	NA	NA	NA
rn_cluster_39.txt	0.0	0.3	0.0	NA	NA	NA	0.3	0.2	0.0	0.3	0.2	0.1	0.3	1.0	0.0	0.1	0.2	NA	0.0	0.2	0.4	0.1	NA	0.0	NA	0.0	0.6	0.3	0.1	NA	0.1	NA	0.4	0.4	NA	0.3	0.0	NA	0.4	0.3	0.0	0.3	0.1	0.1	0.4	NA	NA	NA	0.0	0.6	0.0	NA	0.0	0.0	0.4	0.2	0.0	0.6	0.3	0.3	0.4	0.4	0.7	0.7	0.6	0.2	0.0	0.3	0.2	0.3	0.2	0.2	0.2	0.1	NA	0.2	0.6	0.1	0.0	NA	NA	NA	0.3	0.2	0.4	NA	0.3	0.2	0.5	1.0	0.4	1.0	NA	1.0	0.2	0.3	0.2	NA	0.6	0.3	NA	0.0	0.1	0.5	NA	NA	NA	NA	NA	0.0	0.4	0.0	0.3	0.3	NA	0.3	0.0	0.4	0.0	0.0	0.5	0.0	0.2	0.0	0.3	0.1	0.4	0.3	0.0	0.1	NA	NA	NA	0.2	0.3	0.4	0.3	0.2	0.3	NA	0.4	0.0	0.3	0.4	0.5	0.4	NA	0.5	0.3	0.2	NA	0.2	NA	NA	NA	0.5	0.1	0.0	NA	NA	NA	0.0	0.5	0.3	0.0	0.1	NA	0.2	0.3	NA	0.4	0.4	0.0	0.0	0.2	0.7	0.1	0.0	0.3	0.0	0.2	NA	0.0	0.1	0.0	0.5	0.3	0.0	0.0	NA	NA	NA	NA	0.3	0.1	NA	0.3	NA	NA	NA	NA
rn_cluster_4.txt	0.2	0.0	0.0	NA	NA	NA	0.4	0.0	0.0	0.7	0.5	0.4	0.4	NA	0.3	0.3	0.0	NA	0.0	0.2	0.2	0.2	NA	0.0	NA	0.5	0.4	0.3	0.2	NA	0.5	NA	0.3	0.8	0.5	0.2	0.0	NA	0.2	0.5	0.0	0.3	0.1	0.5	0.2	NA	NA	NA	0.1	0.2	0.0	NA	0.0	NA	0.1	0.1	0.0	0.2	0.0	0.3	0.3	0.2	0.2	0.5	0.0	0.1	0.3	0.2	0.2	0.1	0.0	0.2	0.5	0.5	NA	0.3	0.0	0.2	0.2	NA	NA	NA	0.0	0.2	0.1	NA	0.3	0.0	0.2	NA	0.4	0.0	NA	0.0	0.1	0.5	0.3	NA	0.6	0.1	NA	0.0	0.6	0.5	NA	NA	NA	NA	NA	0.0	0.3	0.6	0.5	0.0	NA	0.3	0.7	0.5	0.2	0.0	0.1	0.2	0.2	0.4	0.3	0.5	0.5	0.3	0.8	0.1	0.0	NA	NA	0.1	0.4	0.5	0.2	0.3	0.3	0.0	0.5	0.3	0.0	0.2	0.3	0.4	NA	0.5	0.3	0.1	NA	0.2	NA	NA	NA	0.3	0.3	0.0	NA	NA	NA	0.1	0.5	0.2	0.3	0.5	NA	0.0	0.3	NA	0.6	0.0	0.5	0.5	0.0	0.4	0.1	0.7	0.6	0.0	0.2	NA	0.0	0.6	0.2	0.3	0.0	0.0	0.0	NA	NA	NA	NA	0.2	0.0	NA	0.7	NA	NA	NA	NA
rn_cluster_40.txt	0.0	0.2	0.0	NA	NA	NA	0.3	0.5	0.4	0.5	0.3	0.4	0.5	0.3	NA	0.3	0.3	NA	0.3	0.1	0.2	0.5	NA	0.0	NA	0.0	0.3	0.2	0.2	NA	0.3	NA	0.4	0.6	0.2	0.2	0.0	NA	0.2	0.2	0.2	0.3	0.3	0.7	0.0	NA	NA	NA	0.3	0.0	0.4	NA	0.5	0.0	0.7	0.2	0.6	0.3	0.3	0.0	0.5	0.2	0.4	0.4	0.4	0.1	0.0	0.5	0.2	0.3	0.0	0.3	0.2	0.5	NA	0.1	0.3	0.2	0.3	NA	NA	NA	0.3	0.0	0.3	NA	0.0	0.2	0.2	NA	0.2	0.3	NA	0.2	0.2	0.3	0.0	NA	0.3	0.1	NA	0.3	0.1	0.5	NA	NA	NA	NA	NA	0.0	0.2	0.1	0.1	0.1	NA	1.0	0.2	0.4	0.8	0.0	0.3	0.2	0.4	0.5	0.3	0.5	0.5	0.4	0.3	0.5	NA	NA	NA	0.6	0.6	0.3	0.4	0.4	0.3	NA	0.4	0.3	0.2	0.3	0.4	0.1	NA	0.4	0.0	0.4	NA	0.2	NA	NA	0.0	0.2	0.3	0.0	NA	NA	NA	0.4	0.3	0.0	0.0	0.4	NA	0.0	0.2	NA	0.3	0.0	0.3	0.0	0.5	0.3	0.1	NA	0.4	0.0	0.1	NA	0.0	0.6	0.3	0.0	0.3	0.0	0.4	NA	NA	NA	NA	0.2	1.0	NA	0.0	NA	NA	NA	NA
rn_cluster_41.txt	0.7	0.2	0.0	NA	NA	NA	0.1	0.0	0.0	0.2	0.2	0.2	0.3	0.5	NA	1.0	0.0	NA	0.0	0.0	0.4	0.4	NA	0.3	NA	0.1	0.1	0.6	0.2	NA	0.0	NA	0.2	0.6	0.0	0.5	0.3	NA	0.1	0.1	0.4	0.4	0.3	0.1	0.5	NA	NA	NA	0.4	0.0	0.0	NA	0.0	0.0	0.4	0.3	0.3	0.3	0.3	0.3	0.2	0.3	0.4	0.6	0.4	0.1	0.8	0.2	0.2	0.2	0.0	0.6	0.0	0.3	NA	0.4	0.2	0.2	1.0	NA	NA	NA	0.0	0.2	0.1	NA	0.3	0.0	0.2	NA	0.2	0.0	NA	0.0	0.3	0.3	0.3	NA	0.6	0.3	NA	0.5	0.3	0.4	NA	NA	NA	NA	NA	0.0	0.2	0.2	0.2	0.4	NA	0.0	NA	0.4	0.3	0.3	0.2	0.0	0.1	0.3	0.4	0.5	0.3	0.3	0.2	0.0	NA	NA	NA	0.1	0.4	0.4	0.5	0.7	0.2	NA	0.6	0.3	0.3	0.4	0.3	0.0	NA	0.4	0.0	0.4	NA	0.4	NA	NA	NA	0.4	0.1	0.3	NA	NA	NA	0.1	0.3	0.0	0.0	0.3	NA	0.2	0.3	NA	0.3	0.2	0.3	0.5	0.2	0.3	0.2	0.5	0.2	0.0	0.3	NA	0.8	0.2	0.0	0.0	0.0	0.0	0.3	NA	NA	NA	NA	0.4	0.3	NA	0.0	NA	NA	NA	NA
rn_cluster_42.txt	NA	0.0	0.1	NA	NA	1.0	0.2	0.5	0.0	0.7	0.3	0.2	0.4	0.0	0.3	0.5	0.3	NA	0.0	0.2	0.3	0.1	NA	0.5	NA	0.0	0.2	0.1	0.3	1.0	0.2	NA	0.2	0.8	0.0	0.3	0.8	NA	0.0	0.3	0.4	0.2	0.1	0.1	0.3	NA	NA	NA	0.4	0.1	0.0	NA	0.0	0.0	0.2	0.2	0.2	0.4	0.7	0.3	0.2	0.2	0.2	0.5	0.2	0.4	0.0	0.2	0.3	0.2	0.3	0.5	0.5	0.2	NA	0.4	1.0	0.3	1.0	NA	NA	NA	0.3	0.2	0.2	NA	0.1	0.0	0.2	NA	0.0	0.0	NA	0.4	0.2	0.2	0.3	NA	0.3	0.1	NA	0.5	0.2	0.5	NA	1.0	1.0	NA	NA	0.0	0.3	0.4	0.5	0.5	NA	0.2	0.0	0.3	0.0	0.0	0.3	0.0	0.4	0.5	0.4	0.2	0.5	0.2	1.0	0.3	NA	NA	NA	0.0	0.4	0.5	0.3	0.2	0.3	NA	0.5	0.3	0.0	0.4	0.5	0.2	NA	0.3	0.0	0.1	NA	0.1	1.0	NA	NA	0.3	0.0	0.3	NA	NA	NA	0.4	0.5	0.0	0.3	0.2	NA	0.3	0.6	NA	0.5	0.5	0.4	0.0	0.2	0.5	0.1	0.3	0.2	0.3	0.3	NA	0.0	0.0	0.0	0.5	0.3	0.4	0.0	NA	NA	NA	NA	0.2	0.0	NA	0.2	0.0	NA	NA	NA
rn_cluster_43.txt	0.0	0.0	0.0	NA	NA	NA	0.1	0.2	0.2	0.0	0.2	0.3	0.3	0.3	0.3	0.0	0.2	NA	0.8	0.0	0.2	0.1	NA	0.2	NA	0.2	0.2	0.4	0.6	NA	0.0	NA	0.3	0.5	0.0	0.2	0.1	NA	0.3	0.6	0.4	0.2	0.5	0.0	0.4	NA	NA	NA	0.2	0.4	0.3	NA	0.2	0.0	0.0	0.3	0.6	0.5	1.0	0.6	0.2	0.4	0.5	0.5	0.2	0.0	0.1	0.2	0.4	0.1	0.5	0.0	0.2	0.3	NA	0.2	0.1	0.3	0.3	NA	NA	NA	0.0	0.0	0.4	NA	0.2	0.0	0.4	NA	0.3	0.0	NA	0.2	0.3	0.3	0.0	NA	0.3	0.3	NA	0.3	0.4	0.4	NA	NA	NA	NA	NA	0.2	0.2	0.3	0.5	0.1	NA	0.5	0.3	0.5	0.0	0.3	0.1	0.2	0.2	0.3	0.3	0.1	0.5	0.3	NA	0.4	NA	NA	NA	0.6	0.5	0.2	0.3	0.5	0.5	NA	0.4	0.0	0.0	0.3	0.6	0.4	NA	0.4	NA	0.0	NA	0.2	NA	NA	NA	0.2	0.4	1.0	NA	NA	NA	0.0	0.2	0.0	NA	0.3	NA	0.2	0.4	NA	0.6	0.0	0.1	0.2	0.6	0.2	0.3	0.2	0.2	0.2	0.2	NA	0.0	0.3	0.3	0.2	NA	0.0	0.2	NA	NA	NA	NA	0.2	1.0	NA	0.3	NA	1.0	NA	NA
rn_cluster_44.txt	0.0	0.3	0.0	NA	NA	NA	0.3	0.5	0.0	0.5	0.4	0.3	0.3	0.3	0.3	0.3	0.1	NA	NA	0.2	0.2	0.0	NA	0.2	NA	0.3	0.2	0.3	0.2	NA	0.2	NA	0.4	0.5	NA	0.8	0.0	NA	0.3	0.8	0.2	0.5	0.6	0.1	0.2	NA	NA	NA	0.3	0.1	0.0	NA	0.3	0.7	0.3	0.1	0.3	0.4	0.2	0.2	0.4	0.3	0.4	0.6	0.2	0.4	0.6	0.3	0.2	0.4	0.0	0.5	0.1	0.1	NA	0.4	0.3	0.4	1.0	NA	NA	NA	0.5	0.3	0.1	1.0	0.6	0.2	0.2	NA	0.1	0.3	NA	0.2	0.5	0.5	0.0	NA	0.5	0.1	NA	1.0	0.2	0.3	NA	NA	0.2	NA	NA	0.2	0.2	0.0	0.4	0.0	NA	0.0	0.0	0.4	0.3	0.3	0.4	0.7	0.1	0.2	0.3	0.4	0.6	0.6	0.5	0.6	NA	NA	NA	0.6	0.6	0.4	0.5	0.5	0.3	NA	0.3	NA	0.3	0.4	0.5	0.1	NA	0.3	0.0	0.3	NA	0.6	NA	NA	NA	0.0	0.3	0.0	NA	NA	NA	0.1	0.4	0.2	0.3	0.0	NA	0.2	0.1	NA	0.4	0.0	0.0	0.0	0.5	0.1	0.2	0.3	0.2	0.2	0.1	NA	0.0	0.4	0.5	0.2	0.0	0.6	0.3	NA	NA	NA	NA	0.7	0.2	NA	0.0	NA	NA	NA	NA
rn_cluster_45.txt	0.0	0.3	0.1	NA	NA	NA	0.3	0.0	0.2	0.5	0.1	0.2	0.4	0.0	0.4	0.0	0.5	NA	0.2	0.0	0.4	0.2	NA	0.0	NA	0.0	0.1	0.1	0.5	NA	0.5	NA	0.2	0.6	0.8	0.3	0.3	NA	0.2	0.1	0.1	0.3	0.4	0.3	0.0	NA	NA	NA	0.2	0.2	0.0	NA	0.1	0.5	0.3	0.3	0.3	0.4	0.0	0.2	0.4	0.1	0.3	0.5	0.0	0.5	0.2	0.3	0.3	0.2	0.2	0.3	0.2	0.4	NA	0.2	0.2	0.0	0.0	NA	NA	NA	0.3	0.5	0.2	NA	0.2	0.4	0.4	NA	0.4	0.3	NA	0.2	0.3	0.2	0.3	NA	0.5	0.2	NA	0.7	0.4	0.5	NA	NA	NA	NA	NA	0.0	0.2	0.0	0.2	0.2	1.0	0.0	0.0	0.2	0.2	0.0	0.3	0.4	0.2	0.2	0.5	0.4	0.7	0.3	0.0	0.3	NA	NA	NA	0.2	0.4	0.3	0.1	0.4	0.5	NA	0.5	0.2	0.0	0.2	0.6	0.3	NA	0.3	0.5	0.3	NA	0.3	NA	NA	NA	0.5	0.1	0.0	NA	NA	NA	0.1	0.3	0.2	0.0	0.1	NA	0.8	0.2	NA	0.5	0.0	0.8	0.3	0.2	0.1	0.2	0.2	0.6	0.0	0.2	NA	0.0	0.4	0.3	0.2	0.0	0.4	0.4	NA	0.2	NA	NA	0.1	1.0	NA	1.0	NA	NA	NA	NA
rn_cluster_46.txt	0.0	0.1	0.5	NA	NA	NA	0.6	0.2	0.4	0.0	0.3	0.3	0.4	0.3	0.0	0.2	0.0	NA	0.0	0.0	0.5	0.0	NA	0.7	NA	0.0	0.2	0.4	0.4	NA	0.0	NA	0.6	0.6	0.3	0.3	0.4	NA	0.1	0.1	0.5	0.3	0.0	0.2	0.4	NA	NA	NA	0.2	0.1	0.0	NA	0.0	0.7	0.3	0.1	0.0	0.5	0.0	0.1	0.4	0.2	0.2	0.5	0.4	0.5	0.0	0.5	0.1	0.2	0.2	0.0	0.0	0.4	NA	0.2	0.0	0.5	0.0	NA	1.0	NA	0.2	0.2	0.2	NA	0.2	0.0	0.1	NA	0.4	0.0	NA	0.0	0.3	0.3	0.0	NA	0.5	0.1	NA	0.5	0.4	0.4	NA	NA	NA	NA	NA	0.3	0.3	0.1	0.3	0.1	NA	0.3	0.3	0.3	0.0	0.2	0.2	0.3	0.3	0.0	0.4	0.3	0.4	0.2	0.0	0.2	NA	NA	NA	0.7	0.4	0.3	0.5	0.3	0.4	NA	0.3	0.0	0.0	0.3	0.5	0.1	NA	0.6	0.3	0.5	NA	0.1	NA	NA	NA	0.2	0.1	0.3	NA	NA	NA	0.3	0.4	0.0	0.0	0.3	NA	0.3	0.2	NA	0.3	0.0	0.0	0.5	0.3	0.3	0.4	0.3	0.1	0.2	0.3	NA	0.2	0.1	0.0	0.3	0.2	0.2	0.0	NA	NA	NA	NA	0.2	1.0	NA	0.0	NA	NA	NA	NA
rn_cluster_47.txt	0.3	0.2	0.0	NA	NA	NA	0.1	0.0	1.0	0.3	0.3	0.2	0.2	0.0	0.2	0.0	0.4	NA	0.0	0.6	0.2	0.0	NA	0.0	NA	0.0	0.3	0.4	0.4	NA	0.2	NA	0.6	0.7	0.5	0.1	0.2	NA	0.2	0.1	0.0	0.2	0.2	0.3	0.1	NA	NA	NA	0.3	0.4	0.3	NA	NA	0.0	0.3	0.2	0.0	0.5	0.0	0.3	0.3	0.1	0.4	0.6	0.4	0.4	0.1	0.3	0.2	0.1	0.1	0.6	0.0	0.3	NA	0.2	0.4	0.1	0.3	NA	NA	NA	0.0	0.2	0.4	NA	0.1	0.2	0.2	NA	0.2	0.3	NA	0.2	0.1	0.4	0.0	NA	0.6	0.1	NA	0.5	0.4	0.3	NA	NA	NA	NA	NA	0.0	0.4	0.2	0.4	0.3	NA	1.0	0.0	0.5	0.2	0.3	0.2	0.3	0.4	0.0	0.3	0.4	0.6	0.7	0.3	0.3	NA	NA	NA	0.3	0.5	0.4	0.1	0.2	0.2	1.0	0.6	0.3	0.3	0.4	0.4	0.4	NA	0.6	0.3	0.3	NA	0.3	NA	NA	NA	0.2	0.3	0.0	NA	NA	NA	0.0	0.3	0.6	0.0	0.4	NA	0.0	0.2	NA	0.4	0.2	0.3	0.3	0.1	0.1	0.2	0.3	0.2	0.2	0.2	NA	0.3	0.2	0.3	0.0	0.0	0.2	0.0	NA	NA	NA	NA	0.0	0.0	NA	0.0	NA	NA	NA	1.0
rn_cluster_48.txt	0.0	0.1	0.1	NA	NA	NA	0.5	1.0	0.2	0.3	0.3	0.2	0.4	0.0	0.2	0.0	0.0	NA	NA	0.0	1.0	0.5	NA	0.0	NA	0.2	0.2	0.2	0.3	NA	0.5	NA	0.2	0.5	0.3	0.5	0.0	NA	0.3	0.0	0.6	0.2	0.2	0.1	0.3	NA	NA	NA	0.4	0.1	0.0	NA	0.0	0.3	0.1	0.1	0.0	0.3	0.0	0.4	0.2	0.5	0.4	0.6	0.4	0.2	0.1	0.5	0.2	0.2	0.0	0.4	0.0	0.4	NA	0.1	0.1	0.3	0.3	NA	NA	NA	0.0	0.2	0.6	NA	0.1	0.5	0.6	0.7	0.2	0.0	NA	0.3	0.1	0.5	0.0	NA	0.5	0.1	NA	0.0	0.1	0.3	NA	NA	1.0	NA	NA	0.2	0.3	0.1	0.5	0.0	NA	0.7	NA	0.4	0.0	0.0	0.2	0.0	0.1	0.5	0.3	0.2	0.5	0.2	1.0	0.3	0.0	NA	NA	0.1	0.3	0.4	0.5	0.2	0.1	NA	0.4	0.3	0.7	0.4	0.3	0.0	NA	0.5	0.0	0.0	NA	0.4	NA	NA	NA	0.0	0.5	0.0	1.0	NA	NA	0.1	0.4	0.4	0.5	0.1	NA	0.5	0.4	NA	0.2	0.7	0.3	0.0	0.6	0.0	0.2	1.0	0.1	0.0	0.5	NA	0.3	0.0	0.3	0.2	NA	0.0	0.2	NA	NA	NA	NA	0.4	0.0	NA	0.5	NA	NA	NA	1.0
rn_cluster_49.txt	0.0	0.0	0.0	NA	NA	NA	0.1	0.2	0.3	0.2	0.2	0.3	0.4	0.7	0.2	0.3	0.7	NA	0.3	0.2	0.2	0.2	NA	0.7	NA	0.4	0.0	0.3	0.5	NA	0.3	NA	0.5	0.7	0.3	0.1	0.2	NA	0.6	0.3	0.2	0.4	0.4	0.4	0.3	NA	NA	NA	0.2	0.2	0.5	NA	0.2	1.0	0.3	0.2	0.5	0.2	0.5	0.5	0.3	0.3	0.4	0.5	0.2	0.0	0.1	0.4	0.3	0.3	0.0	0.3	0.0	0.1	NA	0.3	0.3	0.1	0.0	NA	NA	NA	0.7	0.2	0.2	NA	0.3	0.5	0.0	NA	0.4	0.0	NA	0.0	0.0	0.5	0.0	NA	0.5	0.1	NA	0.5	0.3	0.4	NA	NA	NA	NA	NA	0.7	0.3	0.2	0.0	0.5	NA	0.0	0.0	0.5	0.0	0.0	0.2	1.0	0.3	0.1	0.3	0.1	0.5	0.1	0.0	0.5	NA	NA	NA	0.8	0.5	0.7	0.5	0.4	0.1	NA	0.4	0.3	0.0	0.2	0.4	0.2	NA	0.3	0.0	0.4	NA	0.2	NA	NA	NA	0.2	0.4	0.3	NA	NA	NA	0.1	0.3	0.5	0.0	0.3	NA	0.6	0.3	NA	0.3	0.2	0.0	0.4	0.2	0.4	0.4	0.0	0.5	0.3	0.2	NA	0.3	0.2	0.1	0.1	0.0	0.5	0.5	NA	NA	NA	NA	0.4	0.0	NA	0.3	NA	NA	NA	NA
rn_cluster_5.txt	0.0	0.5	0.7	1.0	NA	NA	0.3	0.8	0.5	0.3	0.5	0.4	0.4	0.3	0.2	0.0	0.0	NA	0.0	0.1	0.2	0.1	NA	0.0	NA	0.6	0.1	0.1	0.3	NA	0.4	NA	0.4	0.5	0.0	0.1	0.3	NA	0.3	0.1	0.8	0.3	0.2	0.1	0.3	1.0	NA	NA	0.1	0.4	0.0	NA	0.3	0.0	0.4	0.3	0.0	0.6	0.5	0.2	0.3	0.2	0.4	0.6	0.4	1.0	0.0	0.2	0.2	0.4	0.4	0.0	0.2	0.2	NA	0.4	0.5	0.1	0.3	NA	NA	NA	NA	0.0	0.5	NA	0.2	0.8	0.5	NA	0.3	0.3	NA	0.4	0.2	0.5	0.0	NA	0.5	0.2	NA	0.2	0.2	0.4	NA	NA	NA	NA	NA	0.0	0.2	0.7	0.4	0.5	NA	0.2	1.0	0.3	0.0	0.0	0.2	0.5	0.3	0.3	0.4	0.2	0.4	0.3	0.3	0.0	NA	NA	NA	0.1	0.4	0.4	0.2	0.2	0.3	NA	0.7	0.0	0.0	0.4	0.6	0.5	NA	0.3	0.0	0.1	NA	0.2	NA	NA	NA	0.3	0.1	1.0	NA	NA	NA	0.1	0.3	0.0	0.5	0.6	NA	0.3	0.3	NA	0.4	0.0	0.2	0.2	0.5	0.2	0.1	0.3	0.3	0.3	0.4	NA	0.0	0.3	0.3	0.2	0.0	0.0	0.0	NA	NA	NA	NA	0.8	0.3	NA	0.0	NA	NA	NA	NA
rn_cluster_50.txt	0.0	0.1	0.5	NA	NA	NA	0.1	0.0	0.4	0.2	0.4	0.1	0.3	0.5	0.0	0.0	0.0	NA	0.7	0.0	0.0	0.1	NA	0.0	NA	0.3	0.1	0.1	0.1	NA	0.2	NA	0.5	0.5	0.0	0.1	0.4	NA	0.1	0.3	0.0	0.4	0.3	0.4	0.2	NA	NA	NA	0.2	0.1	1.0	NA	0.0	0.0	0.4	0.3	0.0	0.5	0.3	0.2	0.5	0.4	0.2	0.7	0.3	0.3	0.3	0.3	0.1	0.4	0.5	0.1	1.0	0.1	NA	0.2	0.0	0.1	0.2	NA	NA	NA	0.0	0.2	0.2	NA	0.3	0.5	0.4	NA	0.2	0.3	NA	0.3	0.2	0.4	0.3	NA	0.5	0.0	NA	0.2	0.2	0.2	NA	NA	NA	NA	NA	0.3	0.2	0.1	0.3	0.0	NA	0.0	0.5	0.6	0.2	0.0	0.2	0.0	0.3	0.2	0.7	0.8	0.6	0.3	0.2	0.2	NA	NA	0.2	0.2	0.5	0.4	0.4	0.4	0.2	NA	0.4	0.3	NA	0.3	0.5	0.1	NA	0.6	0.2	0.1	NA	0.0	NA	NA	NA	0.5	0.6	0.5	NA	NA	NA	0.1	0.5	0.0	0.3	0.3	NA	0.0	0.3	NA	0.4	0.5	0.8	1.0	0.2	0.4	0.2	0.0	0.4	1.0	0.3	NA	0.0	0.2	0.2	0.4	0.3	0.2	0.5	NA	NA	NA	NA	0.3	0.3	NA	0.3	NA	NA	NA	NA
rn_cluster_51.txt	0.0	0.3	0.0	NA	NA	NA	0.2	0.1	0.2	0.3	0.3	0.3	0.5	0.7	0.0	NA	0.2	NA	0.0	0.5	0.3	0.2	NA	NA	NA	0.3	0.2	0.2	0.2	NA	0.2	NA	0.1	0.6	0.0	0.3	0.0	NA	0.2	0.0	0.0	0.3	0.3	0.0	0.4	NA	NA	NA	0.1	0.5	0.0	NA	0.3	0.0	0.5	0.2	0.0	0.4	0.0	0.4	0.3	0.2	0.2	0.5	0.4	0.6	0.0	0.6	0.4	0.1	0.5	0.2	0.5	0.0	NA	0.1	0.2	0.2	0.2	NA	NA	NA	0.0	0.0	0.4	NA	0.5	0.3	0.3	NA	0.2	0.1	NA	0.0	0.2	0.5	0.0	NA	0.6	0.0	NA	0.3	0.2	0.3	NA	NA	NA	NA	NA	0.0	0.2	0.3	0.1	0.1	NA	0.5	0.0	0.3	0.3	NA	0.2	0.8	0.1	0.5	0.4	0.1	0.4	0.5	0.3	0.3	NA	NA	NA	0.1	0.5	0.4	0.3	0.7	0.2	1.0	0.4	0.0	0.3	0.2	0.5	0.4	NA	0.4	0.3	0.3	NA	0.6	NA	NA	NA	0.2	0.6	0.3	NA	NA	NA	0.8	0.5	0.4	0.1	0.2	NA	0.0	0.4	NA	0.2	0.6	0.2	0.5	0.1	0.1	0.5	0.4	0.3	0.0	0.3	NA	0.0	0.1	0.3	0.5	0.2	0.4	0.1	NA	NA	NA	NA	0.4	0.3	NA	0.0	NA	NA	NA	NA
rn_cluster_52.txt	0.5	0.1	0.1	NA	NA	NA	0.4	0.4	0.2	0.3	0.4	0.4	0.3	0.3	0.3	0.3	0.0	NA	0.2	0.3	0.0	0.4	NA	0.0	NA	0.0	0.3	0.5	0.2	NA	0.5	NA	0.3	0.5	0.6	0.1	0.4	NA	0.1	0.1	0.4	0.7	0.3	0.3	0.2	1.0	NA	NA	0.1	0.1	0.0	NA	0.0	NA	0.2	0.0	0.0	0.2	0.2	0.2	0.4	0.2	0.3	0.4	0.4	0.1	0.6	0.6	0.4	0.3	0.2	0.0	0.2	0.2	NA	0.1	0.5	0.1	0.3	NA	NA	NA	0.0	0.8	0.0	NA	0.3	0.4	0.2	NA	0.5	0.0	1.0	0.1	0.3	0.3	0.0	NA	0.5	0.0	NA	0.2	0.5	0.4	NA	NA	NA	NA	NA	0.3	0.3	0.0	0.7	0.3	NA	NA	0.0	0.5	0.8	0.2	0.4	0.0	0.4	0.3	0.4	0.1	0.5	0.4	0.3	0.2	NA	NA	NA	0.1	0.5	0.6	0.1	0.2	0.4	NA	0.6	0.3	0.5	0.3	0.4	0.0	NA	0.4	1.0	0.7	NA	0.2	NA	NA	NA	0.4	0.0	0.3	NA	NA	NA	0.0	0.5	0.8	0.3	0.1	NA	0.2	0.3	NA	0.4	0.4	0.2	0.0	0.2	0.0	0.1	0.8	0.2	0.0	0.3	NA	1.0	0.3	0.0	0.1	NA	0.2	0.0	NA	NA	NA	NA	0.6	0.3	NA	0.7	NA	NA	NA	NA
rn_cluster_53.txt	0.5	0.4	0.0	NA	NA	NA	0.0	0.2	1.0	0.4	0.2	0.1	0.3	1.0	0.0	0.0	0.1	NA	0.2	0.3	0.0	0.1	NA	0.3	NA	0.0	0.1	0.3	0.1	NA	0.4	NA	0.4	0.6	0.3	0.3	0.0	NA	0.5	0.2	0.5	0.3	0.3	0.1	0.4	NA	NA	NA	0.3	0.0	0.7	NA	0.3	0.3	0.3	0.3	0.4	0.4	0.2	0.3	0.2	0.0	0.0	0.5	0.3	0.2	0.5	0.2	0.2	0.1	0.0	0.5	0.1	0.2	NA	0.2	0.2	0.2	0.3	NA	0.7	NA	0.3	0.2	0.5	NA	0.3	0.2	0.0	NA	0.2	0.3	NA	0.2	0.2	0.4	0.3	NA	0.6	0.3	NA	0.7	0.4	0.3	NA	NA	NA	NA	NA	1.0	0.3	0.0	0.0	0.3	NA	0.0	0.0	0.4	0.4	0.2	0.2	0.2	0.3	0.2	0.4	0.2	0.6	0.4	0.3	0.1	NA	NA	NA	0.6	0.5	0.5	0.4	0.2	0.4	NA	0.2	0.5	0.0	0.3	0.6	0.4	NA	0.3	0.0	0.1	NA	0.2	NA	NA	NA	0.0	0.4	0.7	NA	NA	NA	0.0	0.4	0.2	0.3	0.4	NA	0.1	0.4	NA	0.4	0.2	0.0	0.0	0.0	0.1	0.5	0.2	0.1	NA	0.3	NA	0.3	0.3	0.0	0.2	0.0	0.2	0.0	NA	NA	NA	NA	0.4	0.7	NA	0.0	NA	NA	NA	NA
rn_cluster_54.txt	0.3	0.3	0.3	NA	NA	NA	0.4	0.2	0.0	0.0	0.2	0.4	0.7	0.3	0.7	1.0	0.2	NA	0.3	0.0	0.4	0.4	NA	0.0	NA	0.7	0.4	0.5	0.3	NA	0.0	NA	0.4	0.5	0.7	0.3	0.3	NA	0.2	0.6	0.2	0.6	0.2	0.0	0.2	NA	NA	NA	0.3	0.3	0.3	NA	0.0	0.0	0.3	0.1	0.5	0.2	0.3	0.4	0.4	0.1	0.5	0.5	0.0	0.2	0.4	0.6	0.2	0.2	0.2	0.2	0.0	0.5	NA	0.3	0.3	0.1	0.3	NA	1.0	NA	0.0	0.2	0.1	NA	0.2	0.0	0.4	NA	0.4	0.0	NA	0.0	0.4	0.4	0.3	NA	0.5	0.2	NA	0.3	0.3	0.4	NA	NA	NA	NA	NA	0.3	0.2	0.4	0.2	0.3	NA	NA	0.0	0.3	0.2	0.5	0.4	0.2	0.1	0.0	0.2	0.1	0.4	0.3	0.7	0.2	NA	NA	NA	0.1	0.5	0.4	0.3	0.2	0.2	NA	0.2	0.7	0.3	0.3	0.5	0.3	NA	0.5	0.2	0.2	NA	0.2	NA	NA	NA	0.0	0.3	0.0	NA	NA	NA	0.1	0.3	0.4	0.7	0.3	NA	0.0	0.5	NA	0.3	0.2	0.0	0.3	0.3	0.4	0.1	0.0	0.2	0.3	0.5	NA	0.3	0.2	0.0	0.1	0.4	0.3	0.0	NA	NA	NA	NA	0.4	0.3	NA	0.0	NA	NA	NA	NA
rn_cluster_55.txt	0.0	0.3	0.0	NA	NA	NA	0.4	0.2	0.0	0.0	0.2	0.3	0.2	0.3	0.0	0.0	0.6	NA	0.2	0.4	0.3	0.0	NA	0.5	NA	0.0	0.4	0.0	0.2	NA	0.0	NA	0.3	0.6	0.3	0.1	0.3	NA	0.4	0.0	0.2	0.4	0.0	0.4	0.1	NA	NA	NA	0.2	0.2	0.2	NA	0.3	0.0	0.4	0.4	0.6	0.4	0.7	0.3	0.4	0.3	0.2	0.5	0.4	0.3	0.5	0.3	0.2	0.2	0.2	0.0	0.2	0.3	NA	0.3	0.0	0.2	0.3	NA	NA	NA	0.0	0.2	0.1	NA	0.2	0.1	0.0	NA	0.4	0.2	NA	0.6	0.1	0.5	0.2	NA	0.5	0.2	NA	0.0	0.2	0.4	NA	NA	NA	NA	NA	0.5	0.1	0.1	0.4	0.3	NA	0.3	0.0	0.5	0.8	NA	0.2	0.5	0.5	0.0	0.5	0.3	0.5	0.2	0.0	0.4	NA	NA	NA	0.3	0.5	0.3	0.5	0.2	0.2	NA	0.5	0.0	0.0	0.3	0.6	0.1	NA	0.4	0.3	0.1	NA	0.4	NA	NA	NA	0.2	0.0	0.3	NA	NA	NA	0.1	0.4	0.5	0.0	0.2	NA	0.5	0.5	NA	0.3	0.7	0.2	0.3	0.5	0.2	0.3	0.3	0.2	0.0	0.1	1.0	0.2	0.1	0.0	0.0	0.7	0.2	0.2	1.0	NA	NA	NA	0.2	0.3	NA	0.0	1.0	NA	NA	NA
rn_cluster_56.txt	0.7	0.2	0.3	NA	NA	NA	0.3	0.8	0.2	0.0	0.7	0.1	0.5	NA	NA	0.0	0.2	NA	0.2	0.0	0.2	0.2	NA	0.0	NA	0.0	0.5	0.0	0.1	NA	0.3	NA	0.2	0.5	0.0	0.3	0.5	NA	0.0	0.5	0.0	0.5	0.3	0.2	0.5	NA	NA	NA	0.0	0.6	1.0	NA	0.2	0.0	0.3	0.0	0.2	0.4	0.3	0.4	0.4	0.4	0.2	0.4	0.3	0.2	0.3	0.3	0.3	0.3	0.0	0.8	0.5	0.3	NA	0.3	0.0	0.3	0.3	NA	NA	NA	0.3	0.2	0.3	NA	0.2	0.5	0.3	NA	0.3	0.0	NA	0.0	0.1	0.4	0.0	NA	0.4	0.0	NA	0.0	0.2	0.4	NA	NA	NA	NA	NA	0.7	0.3	0.0	0.1	0.5	NA	0.7	0.7	0.3	0.0	0.5	0.1	0.5	0.2	0.0	0.3	0.1	0.6	0.4	0.0	0.6	NA	NA	NA	0.3	0.5	0.3	0.4	0.1	0.3	NA	0.3	0.3	0.3	0.5	0.5	0.5	NA	0.5	0.3	0.1	NA	0.2	NA	NA	NA	0.2	0.3	0.0	NA	NA	NA	0.1	0.5	0.5	0.0	0.6	NA	0.4	0.1	NA	0.4	0.0	0.4	1.0	0.4	0.3	0.2	0.7	0.3	0.5	0.2	NA	NA	0.3	0.7	0.3	0.0	0.0	0.2	NA	NA	NA	NA	0.4	0.2	NA	0.3	NA	NA	NA	NA
rn_cluster_57.txt	0.0	0.1	0.0	NA	NA	NA	0.0	0.0	0.0	0.0	0.2	0.3	0.2	0.0	0.0	0.0	0.3	NA	0.3	0.3	0.2	0.2	NA	0.2	NA	0.2	0.1	0.4	0.5	NA	0.5	NA	0.3	0.7	0.3	0.0	0.6	NA	0.1	0.1	0.3	0.4	0.3	0.8	0.6	NA	NA	NA	0.2	0.6	0.3	NA	0.0	0.0	0.1	0.5	0.2	0.6	0.3	0.5	0.4	0.1	0.6	0.6	0.3	0.5	0.2	0.4	0.3	0.4	0.4	0.0	0.6	0.2	NA	0.1	0.2	0.1	0.0	NA	NA	NA	0.0	0.2	0.1	NA	0.2	0.5	0.2	NA	0.1	0.7	NA	0.2	0.4	0.4	0.0	NA	0.5	0.3	NA	0.0	0.2	0.4	NA	NA	NA	NA	NA	0.5	0.5	0.5	0.3	0.0	NA	0.2	0.3	0.2	0.0	0.2	0.2	0.1	0.2	0.0	0.6	0.4	0.5	0.4	0.0	0.1	NA	NA	NA	0.3	0.5	0.5	0.1	0.3	0.2	NA	0.2	0.0	0.0	0.5	0.5	0.3	NA	0.3	0.0	0.3	NA	0.2	NA	NA	NA	0.4	0.1	0.3	NA	NA	NA	0.5	0.4	0.5	0.0	0.4	NA	0.2	0.3	NA	0.3	0.3	0.4	0.3	0.5	0.0	0.3	NA	0.2	0.0	0.5	NA	0.3	0.5	0.0	0.1	0.3	0.3	1.0	NA	NA	NA	NA	0.1	0.0	NA	0.0	NA	NA	NA	NA
rn_cluster_58.txt	0.3	0.5	0.3	NA	NA	NA	0.2	0.2	0.0	0.3	0.4	0.1	0.5	0.5	NA	0.3	0.2	NA	0.3	0.0	0.4	0.0	NA	0.3	NA	0.2	0.1	0.6	0.3	NA	0.0	NA	0.2	0.6	0.0	0.0	0.4	NA	0.5	0.3	0.2	0.6	0.4	0.6	0.7	NA	NA	NA	0.5	0.4	0.0	NA	0.3	0.0	0.0	0.5	0.2	0.5	0.3	0.3	0.6	0.6	0.0	0.6	0.3	0.2	0.3	0.3	0.2	0.3	0.2	0.0	0.2	0.1	NA	0.3	0.2	0.4	0.0	NA	NA	NA	0.0	0.2	0.1	NA	0.2	0.2	0.3	NA	0.1	0.3	NA	0.0	0.2	0.3	0.0	NA	0.5	0.0	NA	0.0	0.3	0.3	NA	NA	NA	NA	NA	0.7	0.4	0.0	0.2	0.1	NA	0.0	0.3	0.3	0.5	0.2	0.2	0.0	0.3	0.0	0.6	0.0	0.5	0.3	0.3	0.2	NA	NA	NA	0.4	0.4	0.5	0.4	0.4	0.4	NA	0.4	0.7	NA	0.5	0.4	0.3	NA	0.5	0.4	0.1	NA	0.2	NA	NA	NA	0.0	0.3	0.0	NA	0.0	NA	0.1	0.3	0.0	0.0	0.3	NA	0.2	0.4	NA	0.4	0.1	0.5	0.3	0.1	0.1	0.1	0.7	0.1	0.0	0.1	NA	0.0	0.2	0.0	0.1	1.0	0.4	0.2	NA	NA	NA	NA	0.6	0.0	NA	0.0	NA	NA	NA	NA
rn_cluster_59.txt	0.0	0.0	0.5	NA	0.2	NA	0.0	0.2	0.0	0.5	0.2	0.5	0.5	0.0	0.0	0.0	0.0	NA	0.0	0.0	0.2	0.3	NA	NA	NA	0.1	0.0	0.2	0.4	NA	0.0	NA	0.5	0.6	0.0	0.1	0.4	NA	0.2	0.2	0.5	0.4	0.4	0.1	0.1	0.7	NA	NA	0.5	0.3	0.7	NA	0.5	0.3	0.4	0.2	0.2	0.1	0.3	0.3	0.4	0.4	0.3	0.5	0.2	0.2	0.2	0.3	0.6	0.2	0.5	0.2	0.0	0.0	NA	0.4	0.2	0.5	1.0	NA	NA	NA	0.0	0.2	0.2	NA	0.5	0.0	0.2	NA	0.0	0.0	NA	0.0	0.3	0.4	0.3	NA	0.5	0.2	NA	0.2	0.2	0.3	NA	NA	NA	NA	NA	0.3	0.3	0.3	0.2	0.1	NA	0.3	NA	0.2	0.0	0.3	0.3	0.2	0.3	0.5	0.5	0.6	0.5	0.3	0.0	0.4	NA	NA	1.0	0.5	0.5	0.4	0.4	0.7	0.5	NA	0.4	0.0	0.2	0.3	0.4	0.1	NA	0.4	NA	0.5	NA	0.4	NA	NA	NA	0.8	0.1	0.0	NA	NA	NA	0.0	0.3	0.0	0.0	0.2	NA	0.2	0.4	NA	0.3	0.0	0.8	0.7	0.1	0.5	0.2	0.0	0.2	0.0	0.5	NA	NA	0.0	1.0	0.0	0.0	0.2	0.2	NA	NA	NA	NA	0.2	0.7	NA	0.0	NA	NA	NA	NA
rn_cluster_6.txt	0.0	0.0	0.5	NA	NA	NA	0.2	0.5	0.2	0.0	0.2	0.5	0.5	0.3	0.5	0.1	0.1	NA	0.0	0.0	0.2	0.2	NA	0.5	NA	0.3	0.2	0.4	0.2	1.0	0.3	NA	0.4	0.5	0.0	0.2	0.8	NA	0.0	0.0	0.0	0.3	0.2	0.1	0.0	NA	NA	NA	0.5	0.4	0.0	NA	0.2	0.3	0.2	0.4	0.0	0.3	0.0	0.2	0.1	0.3	0.3	0.6	0.3	0.5	0.1	0.2	0.5	0.3	0.2	0.0	0.0	0.3	NA	0.4	0.2	0.2	1.0	NA	NA	NA	0.3	0.0	0.1	NA	0.4	0.0	0.0	NA	0.2	0.8	NA	0.0	0.2	0.7	0.3	NA	0.5	0.2	0.2	0.3	0.1	0.3	NA	NA	NA	NA	NA	0.2	0.2	0.5	0.4	0.3	NA	0.0	0.0	0.4	0.0	1.0	0.4	0.0	0.2	0.1	0.4	0.2	0.5	0.2	0.0	0.2	NA	NA	0.2	0.2	0.6	0.2	0.4	0.4	0.3	NA	0.3	0.0	NA	0.5	0.6	0.6	NA	0.5	0.0	0.1	NA	0.4	NA	NA	NA	0.1	0.3	0.3	NA	1.0	NA	0.1	0.2	0.6	0.3	0.3	NA	0.3	0.2	NA	0.4	0.0	0.2	1.0	0.3	0.2	0.2	0.3	0.0	0.3	0.0	NA	0.0	0.2	0.3	0.1	0.8	0.6	0.0	NA	NA	NA	NA	0.1	0.2	NA	NA	1.0	NA	NA	NA
rn_cluster_60.txt	0.3	0.3	0.1	NA	NA	NA	0.2	0.0	0.5	1.0	0.3	0.5	0.4	0.0	1.0	0.0	0.0	NA	0.0	0.6	0.0	0.4	NA	0.3	NA	0.2	0.3	0.3	0.2	NA	0.5	NA	0.6	0.5	0.3	0.3	0.0	NA	0.7	0.0	0.0	0.4	0.4	0.3	0.4	NA	NA	NA	0.2	0.2	0.7	NA	0.3	0.3	0.1	0.4	0.0	0.7	0.2	0.3	0.3	0.4	0.4	0.6	0.5	0.2	0.0	0.2	0.1	0.4	0.2	0.3	0.0	0.1	NA	0.6	0.4	0.3	0.3	NA	NA	NA	0.0	0.2	0.1	NA	0.1	0.0	0.1	NA	0.1	0.8	NA	0.6	0.1	0.4	0.3	NA	0.4	0.9	NA	0.3	0.6	0.6	NA	NA	NA	0.0	NA	0.0	0.2	0.4	0.3	0.5	NA	0.0	0.7	0.4	0.0	0.2	0.4	0.1	0.3	0.1	0.5	0.2	0.3	0.3	0.0	0.2	NA	NA	NA	0.1	0.4	0.4	0.1	0.2	0.4	NA	0.5	0.3	0.3	0.4	0.3	0.2	NA	0.3	0.1	0.3	NA	0.3	NA	NA	NA	0.4	0.6	NA	NA	NA	NA	0.4	0.4	0.3	0.5	0.3	NA	0.6	0.2	NA	0.4	0.0	0.7	0.3	0.2	0.1	0.2	0.3	0.1	0.3	0.1	NA	0.3	0.2	0.0	0.4	0.0	0.0	0.0	NA	NA	NA	NA	0.2	0.2	NA	0.0	NA	NA	NA	NA
rn_cluster_61.txt	0.2	0.3	0.1	NA	NA	NA	0.1	0.0	0.1	0.0	0.3	0.4	0.4	0.0	0.5	0.3	0.4	NA	0.3	0.3	0.5	0.6	NA	0.0	NA	0.5	0.1	0.2	0.2	NA	0.4	NA	0.4	0.6	0.3	0.1	0.0	NA	0.2	0.0	0.0	0.5	0.4	0.5	0.2	NA	NA	NA	0.2	0.5	0.0	NA	0.0	0.0	0.2	0.3	0.2	0.5	0.0	0.3	0.4	0.2	0.2	0.6	0.1	0.1	0.0	0.2	0.7	0.3	0.2	0.2	0.1	0.4	NA	0.3	0.4	0.2	0.0	NA	NA	NA	0.4	0.0	0.2	NA	0.1	0.8	0.2	NA	0.1	0.2	NA	0.8	0.5	0.5	0.0	NA	0.5	0.3	NA	0.0	0.4	0.5	NA	NA	NA	NA	NA	0.0	0.2	0.3	0.3	0.3	NA	0.0	0.5	0.4	0.6	0.0	0.3	0.2	0.5	0.2	0.5	0.4	0.5	0.2	0.0	0.0	NA	NA	NA	0.5	0.6	0.5	0.3	0.2	0.7	NA	0.4	0.3	0.3	0.4	0.3	0.3	NA	0.3	0.3	0.3	NA	0.0	NA	NA	NA	0.0	0.6	0.0	NA	NA	NA	0.3	0.4	0.0	0.0	0.4	NA	0.0	0.4	NA	0.3	1.0	0.8	0.3	0.3	0.2	0.2	0.0	0.3	0.7	0.2	NA	0.0	0.0	0.0	0.3	0.0	0.5	0.2	NA	NA	NA	NA	0.4	0.3	NA	0.3	NA	NA	NA	NA
rn_cluster_62.txt	0.2	0.0	0.5	NA	1.0	NA	0.3	0.2	0.0	1.0	0.2	0.4	0.5	0.0	0.3	0.0	0.3	NA	0.0	0.3	0.1	0.3	NA	NA	NA	0.2	0.3	0.0	0.3	NA	0.6	NA	0.3	0.6	1.0	0.2	0.1	NA	0.3	0.3	0.3	0.3	0.4	0.4	0.1	NA	NA	NA	0.2	0.3	0.0	NA	0.3	0.3	0.2	0.0	0.0	0.3	0.3	0.4	0.6	0.4	0.1	0.7	0.3	0.0	0.3	0.2	0.3	0.1	0.2	0.1	0.1	0.2	NA	0.1	0.0	0.1	0.0	NA	NA	NA	0.0	0.4	0.1	NA	0.1	0.2	0.4	NA	0.4	0.0	NA	0.0	0.2	0.3	0.0	NA	0.4	0.4	NA	0.3	0.3	0.3	NA	NA	NA	NA	NA	0.0	0.2	0.2	0.4	0.0	NA	0.7	0.0	0.3	0.4	0.3	0.3	0.0	0.1	0.2	0.3	0.4	0.3	0.4	0.0	0.3	NA	NA	NA	0.4	0.3	0.4	0.4	0.4	0.4	NA	0.3	0.0	0.0	0.4	0.4	0.1	NA	0.4	1.0	0.4	NA	0.1	NA	NA	NA	0.0	0.1	0.3	NA	NA	NA	0.2	0.4	0.5	0.0	0.4	NA	0.5	0.4	NA	0.3	0.2	0.2	0.0	0.4	0.1	0.0	0.0	0.5	0.0	0.4	NA	0.3	0.2	0.3	0.0	0.0	0.1	0.5	NA	NA	NA	NA	0.3	0.3	NA	0.0	NA	NA	NA	NA
rn_cluster_63.txt	0.0	0.3	0.1	NA	NA	NA	0.5	0.2	0.5	0.2	0.4	0.3	0.6	0.0	0.3	0.5	0.0	NA	0.3	0.4	0.2	0.0	NA	0.7	NA	0.2	0.2	0.3	0.3	NA	0.0	NA	0.5	0.5	0.5	0.2	0.3	NA	0.3	0.1	0.2	0.3	0.2	0.0	0.2	NA	NA	NA	0.4	0.2	0.2	NA	0.0	0.3	0.6	0.0	0.2	0.3	0.0	0.2	0.2	0.1	0.2	0.7	0.3	0.6	0.0	0.2	0.0	0.2	0.5	0.3	0.4	0.2	NA	0.2	0.5	0.0	0.2	NA	1.0	NA	0.5	0.3	0.2	NA	0.2	0.3	0.6	NA	0.3	0.0	NA	0.0	0.3	0.3	0.3	NA	0.4	0.4	NA	0.0	0.1	0.2	NA	NA	NA	NA	NA	0.0	0.3	0.1	0.2	0.5	NA	0.0	0.0	0.4	0.0	0.0	0.4	1.0	0.2	0.1	0.3	0.1	0.5	0.1	1.0	0.4	NA	NA	NA	0.3	0.5	0.2	0.2	0.4	0.2	NA	0.3	0.3	0.0	0.4	0.5	0.1	NA	0.4	0.3	0.0	NA	0.5	NA	NA	NA	0.0	0.7	0.8	NA	NA	NA	0.2	0.7	0.0	0.3	0.3	NA	0.0	0.3	NA	0.4	0.5	0.2	0.3	0.0	0.4	0.4	0.0	0.4	0.3	0.2	NA	0.0	0.0	0.6	0.7	0.0	0.1	0.0	NA	NA	NA	NA	0.2	0.0	NA	0.0	NA	NA	NA	NA
rn_cluster_64.txt	0.3	0.7	0.0	NA	NA	NA	0.2	0.2	0.8	0.0	0.4	0.2	0.4	0.3	0.0	0.0	0.0	NA	0.2	0.0	0.0	0.5	NA	0.0	NA	0.0	0.1	0.6	0.1	NA	0.0	NA	0.5	0.5	0.0	0.1	0.1	NA	0.2	0.1	0.0	0.3	0.1	0.1	0.4	NA	NA	NA	0.4	0.7	0.7	NA	0.0	0.8	0.4	0.4	0.5	0.7	0.7	0.3	0.4	0.2	0.0	0.5	0.3	0.5	0.1	0.3	0.3	0.6	0.2	0.4	0.2	0.5	NA	0.1	0.1	0.2	0.0	NA	NA	NA	0.3	0.0	0.1	NA	0.2	0.0	0.2	1.0	0.3	0.3	NA	0.0	0.1	0.5	0.2	NA	0.5	0.2	NA	1.0	0.3	0.6	NA	NA	NA	NA	NA	0.0	0.4	0.1	0.6	0.1	NA	0.3	0.3	0.6	0.2	0.0	0.1	0.6	0.6	0.0	0.4	0.2	0.4	0.3	0.0	0.1	NA	NA	NA	0.4	0.5	0.4	0.2	0.3	0.4	NA	0.4	0.0	0.0	0.4	0.5	0.1	NA	0.5	0.0	0.1	NA	0.1	NA	NA	NA	0.0	0.1	0.2	NA	NA	NA	0.1	0.3	0.2	0.1	0.4	NA	0.8	0.1	NA	0.6	NA	0.0	0.0	0.3	0.0	0.1	NA	0.5	0.0	0.3	NA	0.5	0.4	0.5	0.5	0.0	0.0	0.2	NA	NA	NA	NA	0.0	0.5	NA	0.0	NA	NA	NA	NA
rn_cluster_65.txt	0.0	0.1	0.0	NA	NA	NA	0.2	0.0	0.0	0.2	0.2	0.2	0.3	0.0	0.0	0.0	0.4	NA	0.3	0.0	0.5	0.2	NA	0.3	NA	0.0	0.1	0.3	0.4	NA	0.2	NA	0.5	0.6	NA	0.2	0.0	NA	0.0	0.0	0.2	0.4	0.1	0.4	0.1	NA	NA	NA	0.2	0.5	0.0	NA	0.3	1.0	0.2	0.3	0.2	0.4	NA	0.1	0.3	0.2	0.2	0.8	0.2	0.1	0.2	0.3	0.2	0.3	0.0	0.0	0.5	0.4	NA	0.6	0.0	0.1	0.0	NA	NA	NA	0.3	0.0	0.1	NA	0.4	0.2	0.4	NA	0.3	0.0	NA	0.0	0.2	0.4	0.0	NA	0.5	0.1	NA	1.0	0.5	0.3	NA	NA	NA	NA	NA	0.3	0.1	0.2	0.2	0.1	NA	0.3	0.0	0.1	0.3	0.0	0.2	0.7	0.1	0.1	0.3	0.4	0.5	0.4	0.0	0.5	NA	NA	NA	0.2	0.5	0.7	0.1	0.4	0.4	NA	0.4	0.5	NA	0.3	0.4	0.2	NA	0.6	0.0	0.3	NA	0.4	NA	NA	NA	0.2	0.0	0.3	NA	NA	NA	0.3	0.4	0.3	0.3	0.3	NA	0.1	0.2	NA	0.3	0.2	0.2	0.3	0.4	0.1	0.1	0.0	0.2	0.3	0.4	NA	0.3	0.2	0.3	0.2	0.5	0.4	0.2	NA	NA	NA	NA	0.7	0.0	NA	0.0	NA	NA	NA	NA
rn_cluster_66.txt	0.0	0.0	0.0	NA	NA	NA	0.2	0.3	0.4	0.3	0.3	0.3	0.7	0.0	0.3	1.0	0.0	NA	NA	0.2	0.8	0.2	NA	0.2	NA	0.3	0.2	0.3	0.4	NA	0.4	NA	0.3	0.6	0.0	0.1	0.3	NA	0.4	0.3	0.0	0.4	0.2	0.0	0.2	NA	NA	NA	0.1	0.4	0.0	NA	0.0	0.3	0.6	0.2	0.0	0.4	0.0	0.2	0.2	0.2	0.3	0.6	0.2	0.0	0.2	0.2	0.1	0.2	0.2	0.0	0.0	0.2	NA	0.3	0.2	0.2	0.3	NA	NA	NA	0.0	0.2	0.0	NA	0.5	0.3	0.1	NA	0.4	0.0	NA	0.2	0.4	0.5	0.0	NA	0.5	0.2	NA	0.3	0.2	0.6	NA	NA	NA	NA	NA	1.0	0.3	0.1	0.6	0.1	1.0	0.3	0.3	0.5	0.3	0.4	0.2	0.2	0.1	0.1	0.3	0.4	0.6	0.4	0.7	0.4	NA	NA	NA	0.5	0.6	0.5	0.0	0.3	0.4	NA	0.4	0.0	0.0	0.3	0.2	0.4	NA	0.4	0.3	0.4	NA	0.2	1.0	NA	NA	0.2	0.2	0.3	NA	NA	NA	0.3	0.4	0.3	0.0	0.2	NA	0.8	0.2	NA	0.3	0.8	0.0	0.0	0.4	0.0	0.2	0.2	0.7	0.0	0.2	NA	0.0	0.3	0.0	0.0	0.7	0.0	0.3	NA	NA	NA	NA	0.2	0.3	NA	NA	1.0	NA	NA	NA
rn_cluster_67.txt	0.3	0.1	0.2	NA	NA	NA	0.3	0.0	0.0	0.2	0.1	0.5	0.5	0.3	0.7	0.3	0.0	NA	0.0	0.2	0.5	0.2	NA	0.3	NA	0.3	0.5	0.0	0.1	NA	0.3	NA	0.4	0.6	0.5	0.1	0.5	NA	0.1	0.0	0.3	0.1	0.3	0.6	0.1	NA	NA	NA	0.3	0.2	0.0	NA	0.0	0.3	0.4	0.3	0.3	0.4	0.0	0.0	0.4	0.4	0.2	0.6	0.3	0.4	0.6	0.2	0.1	0.1	0.5	0.0	0.0	0.5	NA	0.2	0.5	0.2	0.0	NA	NA	NA	0.7	0.2	0.0	NA	0.3	0.3	0.2	NA	0.3	0.3	NA	0.0	0.2	0.3	1.0	NA	0.6	0.2	NA	0.0	0.4	0.4	NA	NA	1.0	NA	NA	0.7	0.1	0.1	0.2	0.0	NA	1.0	0.0	0.5	0.0	0.0	0.4	0.2	0.1	0.1	0.4	0.0	0.5	0.3	0.0	0.0	0.0	NA	NA	0.2	0.3	0.2	0.4	0.4	0.1	NA	0.5	0.0	0.0	0.6	0.4	0.4	NA	0.7	0.0	0.1	NA	0.3	NA	NA	NA	0.0	0.3	0.0	NA	NA	NA	0.5	0.5	0.0	0.5	0.2	NA	0.2	0.3	NA	0.3	0.0	0.2	0.3	0.1	0.3	0.4	0.3	0.1	0.3	0.1	NA	0.0	0.4	0.3	0.3	0.3	0.4	0.0	NA	NA	NA	NA	0.1	1.0	NA	0.0	NA	1.0	NA	NA
rn_cluster_68.txt	0.0	0.1	0.1	NA	NA	NA	0.0	0.0	0.5	1.0	0.1	0.3	0.4	0.0	0.0	NA	0.2	NA	0.2	0.0	0.2	0.1	NA	0.7	NA	0.0	0.2	0.2	0.4	NA	0.2	NA	0.3	0.6	0.0	0.4	0.2	NA	0.0	0.0	1.0	0.3	0.3	0.1	0.5	NA	NA	NA	0.1	0.1	0.3	NA	0.0	NA	0.4	0.4	0.2	0.3	0.0	0.3	0.3	0.0	0.1	0.4	0.1	0.1	0.0	0.4	0.3	0.1	0.0	0.1	0.2	0.2	NA	0.2	0.0	0.2	0.3	NA	1.0	NA	0.0	0.4	0.1	NA	0.1	0.1	0.2	NA	0.0	0.7	1.0	0.3	0.3	0.5	0.0	NA	0.3	0.3	NA	0.0	0.0	0.4	NA	NA	NA	NA	NA	0.3	0.2	0.2	0.1	0.1	NA	0.3	0.3	0.3	0.4	0.3	0.2	0.2	0.2	0.3	0.4	0.5	0.4	0.2	1.0	0.1	NA	NA	NA	0.1	0.6	0.4	0.1	0.4	0.1	NA	0.4	0.0	0.0	0.3	0.6	0.4	NA	0.5	0.0	0.3	NA	0.2	NA	NA	NA	0.0	0.3	0.2	0.0	NA	NA	0.1	0.3	0.2	0.3	0.3	NA	0.5	0.1	NA	0.3	0.0	0.0	0.3	0.3	0.0	0.3	0.0	0.2	NA	0.2	NA	0.0	0.0	0.0	0.2	0.0	0.6	0.3	NA	NA	NA	NA	0.4	1.0	NA	0.0	NA	NA	NA	NA
rn_cluster_69.txt	0.0	0.2	0.1	NA	NA	NA	0.4	0.0	0.2	0.0	0.3	0.4	0.2	0.0	0.0	0.0	0.2	NA	0.0	0.3	0.2	0.8	NA	0.8	NA	0.3	0.2	0.2	0.1	NA	0.3	NA	0.4	0.6	0.7	0.0	0.0	NA	0.3	0.0	0.3	0.4	0.4	0.1	0.2	NA	NA	NA	0.5	0.2	0.3	NA	0.0	0.2	0.2	0.2	0.0	0.3	NA	0.1	0.3	0.3	0.2	0.5	0.5	0.0	0.2	0.5	0.4	0.2	0.3	0.8	0.5	0.4	NA	0.5	0.2	0.5	0.0	NA	1.0	NA	0.0	0.0	0.5	NA	0.5	0.1	0.3	NA	0.4	0.5	NA	0.2	0.1	0.5	0.0	NA	0.7	0.1	NA	0.0	0.3	0.5	NA	NA	NA	NA	NA	0.3	0.1	0.5	0.2	0.0	NA	0.0	0.3	0.4	0.0	0.3	0.2	0.0	0.1	0.2	0.3	0.2	0.6	0.3	0.0	0.5	NA	NA	NA	0.3	0.6	0.3	0.4	0.6	0.3	NA	0.5	0.3	0.3	0.3	0.5	0.1	NA	0.3	0.2	0.3	NA	0.0	NA	NA	NA	0.3	0.1	0.3	NA	NA	NA	0.1	0.2	0.2	0.2	0.3	NA	0.3	0.2	NA	0.6	0.0	0.8	0.5	0.5	0.3	0.2	0.0	0.2	0.0	0.5	NA	0.2	0.0	0.0	0.5	NA	0.0	0.2	NA	NA	NA	NA	0.2	0.0	NA	0.0	NA	NA	NA	NA
rn_cluster_7.txt	0.0	0.3	0.0	NA	NA	NA	0.3	0.6	0.8	0.3	0.2	0.2	0.3	0.0	0.0	0.3	0.5	NA	0.3	0.0	0.6	0.4	NA	0.0	NA	0.4	0.1	0.1	0.1	NA	0.0	NA	0.4	0.7	0.3	0.4	0.6	NA	0.0	0.0	0.5	0.2	0.4	0.2	0.2	NA	NA	NA	0.2	0.4	0.0	NA	0.3	0.3	0.2	0.2	0.1	0.5	0.7	0.4	0.3	0.1	0.2	0.7	0.2	0.4	0.0	0.3	0.4	0.6	0.3	0.4	0.0	0.5	NA	0.2	0.5	0.3	0.0	NA	NA	NA	0.3	0.4	0.2	NA	0.4	0.3	0.2	NA	0.5	0.0	NA	0.5	0.3	0.4	0.7	NA	0.7	0.1	0.0	0.3	0.1	0.5	NA	NA	NA	1.0	NA	0.7	0.3	0.1	0.3	0.0	NA	0.0	0.3	0.4	0.2	0.3	0.5	0.0	0.4	0.0	0.3	0.1	0.5	0.6	0.3	0.3	NA	1.0	NA	0.1	0.3	0.4	0.1	0.3	0.5	NA	0.4	0.0	0.0	0.6	0.6	0.0	NA	0.3	0.5	0.3	NA	0.3	NA	NA	NA	0.5	0.0	0.0	NA	NA	NA	0.6	0.2	0.1	0.0	0.4	NA	0.0	0.3	NA	0.4	0.2	0.3	0.0	0.3	0.5	0.4	0.3	0.2	0.3	0.4	NA	0.3	0.0	0.2	0.2	0.3	0.0	0.0	NA	NA	NA	NA	0.0	0.5	NA	0.0	NA	NA	NA	NA
rn_cluster_70.txt	0.3	0.1	0.4	NA	NA	NA	0.2	0.2	0.2	1.0	0.2	0.4	0.2	0.0	0.3	0.3	0.3	NA	0.0	0.6	0.3	0.2	NA	NA	NA	0.0	0.2	0.2	0.1	NA	0.3	NA	0.4	0.4	1.0	0.1	0.0	NA	0.1	0.1	0.0	0.5	0.2	0.0	0.7	NA	NA	NA	0.2	0.4	0.3	NA	0.0	0.2	0.2	0.2	1.0	0.5	0.3	0.1	0.3	0.2	0.1	0.5	0.3	0.2	0.1	0.3	0.0	0.0	0.2	0.0	0.2	0.2	NA	0.5	0.4	0.2	0.0	NA	NA	NA	0.2	0.4	0.1	NA	0.1	0.0	0.3	NA	0.3	0.5	NA	0.2	0.1	0.5	NA	NA	0.5	0.1	NA	0.0	0.0	0.4	NA	NA	NA	NA	NA	0.7	0.5	0.1	0.1	0.6	NA	0.5	0.7	0.4	0.2	0.3	0.4	0.2	0.5	0.1	0.5	0.3	0.4	0.3	0.0	0.3	NA	NA	1.0	0.1	0.7	0.2	0.1	0.2	0.4	NA	0.4	0.3	0.0	0.4	0.4	0.2	NA	0.3	NA	0.3	NA	0.1	NA	NA	NA	0.2	0.6	0.0	NA	NA	NA	0.6	0.3	0.1	0.0	0.3	NA	0.0	0.5	1.0	0.2	0.2	0.6	0.7	0.1	0.8	0.2	0.0	0.2	1.0	0.4	NA	0.3	0.6	0.3	0.6	0.0	0.3	0.0	NA	NA	NA	NA	0.3	0.0	NA	NA	NA	NA	NA	NA
rn_cluster_71.txt	0.2	0.1	0.3	NA	NA	NA	0.1	0.0	0.2	0.0	0.3	0.6	0.3	0.3	0.0	0.0	0.0	NA	0.2	0.0	0.2	0.5	NA	0.0	NA	0.0	0.2	0.3	0.4	NA	0.0	NA	0.3	0.5	0.2	0.0	0.0	NA	0.4	0.0	0.3	0.5	0.6	0.0	0.5	NA	NA	NA	0.2	0.0	0.0	NA	0.0	0.3	0.0	0.1	0.0	0.4	0.0	0.3	0.6	0.1	0.1	0.6	0.2	0.5	0.1	0.1	0.2	0.1	0.5	0.2	0.2	0.2	NA	0.3	0.5	0.6	0.0	NA	NA	NA	0.3	0.1	0.0	NA	0.2	0.0	0.7	NA	0.2	0.3	NA	0.0	0.3	0.5	0.0	NA	0.5	0.2	NA	0.0	0.4	0.5	NA	NA	NA	NA	NA	0.3	0.2	0.1	0.2	0.0	NA	0.3	0.3	0.3	0.2	0.0	0.5	0.8	0.4	0.4	0.2	0.1	0.5	0.2	0.0	0.0	NA	NA	NA	0.7	0.5	0.5	0.4	0.3	0.2	NA	0.5	1.0	0.0	0.3	0.5	0.1	0.2	0.3	0.2	0.0	NA	0.2	NA	NA	NA	0.0	0.2	1.0	NA	NA	NA	0.1	0.3	0.0	0.0	0.4	NA	0.2	0.3	NA	0.4	0.2	0.0	1.0	0.1	0.0	0.0	0.2	0.2	0.7	0.5	NA	0.3	0.0	NA	0.0	0.5	0.0	0.4	NA	NA	NA	NA	0.4	0.3	NA	0.0	NA	NA	NA	NA
rn_cluster_72.txt	0.7	0.2	0.0	NA	NA	NA	0.1	0.0	0.4	0.0	0.2	0.1	0.6	NA	0.3	0.0	0.0	NA	0.3	0.0	0.2	0.2	NA	0.7	NA	0.2	0.5	0.0	0.2	NA	0.0	NA	0.4	0.5	0.3	0.2	0.3	NA	0.3	0.3	0.4	0.4	0.4	0.0	0.2	NA	NA	NA	0.1	0.1	0.3	NA	0.0	0.0	0.1	0.4	0.0	0.4	0.3	0.3	0.7	0.4	0.3	0.6	0.2	0.4	0.3	0.3	0.2	0.0	0.2	0.6	0.2	0.4	NA	0.5	0.8	0.1	NA	NA	NA	NA	0.3	0.4	0.6	NA	0.1	0.2	0.1	NA	0.5	1.0	NA	0.5	0.6	0.2	0.0	NA	0.5	0.5	NA	0.3	0.5	0.4	NA	NA	NA	NA	NA	0.0	0.4	0.2	0.2	0.0	NA	0.0	0.2	0.5	0.6	0.0	0.2	0.0	0.1	0.4	0.3	0.3	0.4	0.4	0.0	0.4	NA	NA	NA	0.3	0.6	0.6	0.2	0.1	0.2	NA	0.5	0.0	0.0	0.2	0.6	0.4	NA	0.4	1.0	0.0	NA	0.4	NA	NA	NA	0.2	0.1	0.3	NA	0.0	NA	0.0	0.6	0.2	0.3	0.4	NA	0.0	0.2	NA	0.6	0.2	0.0	0.3	0.2	0.1	0.0	0.0	0.2	0.3	0.2	NA	0.2	0.2	0.0	0.0	0.0	0.0	0.2	NA	1.0	NA	NA	0.0	0.3	NA	0.0	NA	NA	NA	NA
rn_cluster_73.txt	0.5	0.3	0.0	NA	NA	NA	0.1	0.0	0.2	0.3	0.1	0.5	0.4	0.0	0.3	1.0	0.0	NA	NA	0.3	0.4	0.1	NA	NA	NA	0.0	0.3	0.2	0.6	NA	0.0	NA	0.4	0.6	0.7	0.1	0.0	NA	0.2	0.4	0.2	0.5	0.6	0.4	0.5	NA	NA	0.0	0.1	0.3	0.0	NA	0.2	0.0	0.1	0.0	0.2	0.4	0.0	0.2	0.4	0.1	0.3	0.4	0.5	0.2	0.2	0.2	0.2	0.3	0.2	0.0	0.2	0.1	NA	0.2	0.1	0.4	0.0	NA	NA	NA	0.0	0.0	0.4	NA	0.4	0.3	0.5	NA	0.2	0.3	NA	0.5	0.2	0.4	0.2	NA	0.5	0.4	NA	0.0	0.2	0.4	NA	1.0	NA	NA	NA	0.0	0.5	0.0	0.1	0.2	NA	0.3	0.2	0.4	0.2	0.0	0.4	0.0	0.2	0.4	0.4	0.1	0.5	0.4	0.3	0.2	NA	NA	NA	0.5	0.5	0.4	0.6	0.2	0.2	0.2	0.3	0.0	0.3	0.4	0.5	0.8	NA	0.4	0.7	0.1	NA	0.1	NA	NA	1.0	0.0	0.1	0.3	NA	NA	NA	0.1	0.4	0.0	0.3	0.1	NA	0.4	0.3	NA	0.3	0.5	0.0	1.0	0.4	0.1	0.2	1.0	0.2	NA	0.6	0.0	0.3	0.2	0.7	0.1	0.0	0.2	0.8	NA	NA	NA	NA	0.2	0.5	NA	1.0	NA	NA	NA	NA
rn_cluster_74.txt	0.0	0.3	0.0	NA	NA	NA	0.2	0.4	0.2	0.3	0.5	0.1	0.5	0.0	0.0	0.0	0.0	NA	0.0	0.0	0.6	0.3	NA	0.7	NA	0.0	0.0	0.2	0.3	NA	0.0	NA	0.5	0.5	0.3	0.1	0.3	NA	0.2	0.1	0.5	0.4	0.2	0.3	0.0	NA	NA	NA	0.2	0.3	0.0	NA	0.0	NA	0.4	0.6	0.2	0.4	0.0	0.3	0.4	0.2	0.4	0.5	0.8	0.0	0.0	0.2	0.1	0.2	0.5	0.2	0.0	0.2	NA	0.3	0.3	0.1	0.0	NA	NA	NA	0.3	0.6	0.6	NA	0.2	0.0	0.0	NA	0.4	0.1	NA	0.2	0.4	0.4	0.3	NA	0.3	0.1	NA	0.3	0.2	0.3	NA	NA	NA	NA	NA	0.2	0.4	0.3	0.5	0.1	NA	0.3	NA	0.3	0.2	0.3	0.8	0.2	0.2	0.7	0.3	0.1	0.4	0.4	0.0	0.2	NA	NA	NA	0.3	0.6	0.3	0.3	0.2	0.2	NA	0.4	0.3	0.0	0.3	0.5	0.6	NA	0.4	0.5	0.0	NA	0.2	NA	NA	NA	0.2	0.1	0.0	NA	NA	NA	0.0	0.4	0.6	1.0	0.3	NA	0.0	0.2	NA	0.5	0.5	0.3	0.2	0.1	0.3	0.0	1.0	0.5	0.0	0.4	NA	0.0	0.1	0.0	0.1	0.5	0.2	0.2	NA	NA	NA	NA	0.3	0.2	NA	0.0	NA	NA	NA	NA
rn_cluster_75.txt	0.5	0.2	0.8	NA	NA	NA	0.3	0.4	0.0	0.0	0.1	0.3	0.5	0.3	0.0	0.3	0.1	NA	0.0	0.2	0.4	0.4	NA	0.0	NA	0.2	0.2	0.0	0.4	1.0	0.3	NA	0.4	0.6	0.0	0.5	0.3	NA	0.2	0.0	NA	0.4	0.2	0.1	0.3	NA	NA	NA	0.2	0.2	0.0	NA	0.0	0.1	0.2	0.5	0.2	0.2	0.3	0.3	0.4	0.5	0.0	0.6	0.2	0.0	0.0	0.2	0.0	0.5	0.2	0.0	0.0	0.4	NA	0.1	0.2	0.2	0.0	NA	NA	NA	0.7	0.0	0.5	NA	0.4	0.8	0.2	NA	0.3	0.0	NA	0.0	0.3	0.4	0.5	NA	0.5	0.3	NA	0.0	0.9	0.4	NA	NA	0.0	NA	NA	0.0	0.2	0.2	0.3	0.4	NA	0.0	0.3	0.3	0.7	0.0	0.4	0.0	0.3	0.0	0.6	0.2	0.5	0.5	0.7	0.3	NA	NA	NA	0.1	0.3	0.2	0.4	0.4	0.2	NA	0.5	0.8	0.0	0.2	0.7	0.0	NA	0.6	0.3	0.2	NA	0.2	NA	NA	NA	0.0	0.0	0.3	NA	NA	NA	0.0	0.6	0.0	0.3	0.1	NA	0.2	0.1	NA	0.5	0.0	0.0	0.0	0.1	0.4	0.6	0.3	0.1	0.0	0.2	NA	0.3	0.2	0.2	0.4	1.0	0.7	0.2	NA	NA	NA	NA	0.4	0.0	NA	0.0	NA	NA	NA	NA
rn_cluster_76.txt	0.0	0.2	0.3	NA	NA	NA	0.1	0.5	0.5	0.2	0.3	0.3	0.4	NA	0.0	0.0	0.2	NA	0.7	0.5	0.2	0.3	NA	0.0	NA	0.5	0.2	0.1	0.5	NA	0.2	NA	0.5	0.6	0.5	0.6	0.7	NA	0.3	0.3	0.2	0.2	0.3	0.3	0.3	NA	NA	NA	0.5	0.4	0.0	NA	0.5	0.3	0.2	0.2	0.2	0.2	0.5	0.1	0.4	0.4	0.3	0.6	0.4	0.2	0.6	0.2	0.4	0.5	0.2	0.5	0.0	0.4	NA	0.3	0.0	0.3	0.0	NA	NA	NA	0.0	0.2	0.0	NA	0.3	0.2	0.1	NA	0.4	0.0	NA	0.0	0.9	0.4	0.0	NA	0.6	0.1	NA	0.0	0.3	0.4	NA	NA	NA	NA	NA	0.3	0.1	0.1	0.3	0.1	NA	0.0	0.3	0.2	0.4	0.0	0.4	0.2	0.4	0.5	0.3	0.1	0.4	0.2	0.0	0.4	NA	NA	NA	0.3	0.5	0.4	0.2	0.4	0.4	NA	0.6	0.3	0.0	0.2	0.6	0.1	NA	0.6	NA	0.4	NA	0.6	NA	NA	NA	0.5	0.2	0.0	NA	NA	NA	0.6	0.4	0.4	1.0	0.4	NA	0.5	0.4	NA	0.4	0.0	0.0	0.0	0.5	0.2	0.3	0.3	0.2	NA	0.4	NA	0.3	0.4	0.2	0.2	0.0	0.0	0.2	1.0	NA	NA	NA	0.6	0.0	NA	0.0	NA	NA	NA	NA
rn_cluster_77.txt	0.0	0.4	0.3	NA	NA	NA	0.2	0.4	0.2	0.0	0.2	0.3	0.2	0.6	0.0	0.0	0.2	NA	0.3	0.2	0.2	0.3	NA	0.3	NA	0.2	0.3	0.3	0.4	NA	0.2	NA	0.2	0.5	0.3	0.0	0.3	NA	0.2	0.3	0.3	0.4	0.5	0.2	0.1	NA	NA	NA	0.1	0.2	0.0	NA	0.0	0.3	0.7	0.1	0.2	0.6	NA	0.2	0.2	0.3	0.6	0.6	0.2	0.1	0.3	0.3	0.2	0.3	0.2	0.0	0.2	0.2	NA	0.2	0.0	0.5	0.3	NA	NA	NA	NA	0.3	0.1	0.2	0.1	0.0	0.2	NA	0.3	0.7	1.0	0.1	0.6	0.4	0.0	NA	0.7	0.0	NA	0.0	0.1	0.5	NA	NA	NA	NA	NA	0.3	0.0	0.4	0.0	0.1	NA	0.0	0.0	0.4	0.2	0.3	0.3	0.0	0.2	0.8	0.3	0.1	0.4	0.5	0.0	0.3	NA	NA	NA	0.3	0.6	0.3	0.3	0.5	0.3	1.0	0.4	0.2	NA	0.2	0.5	0.5	NA	0.4	0.0	0.5	NA	0.1	1.0	NA	NA	0.4	0.5	0.0	NA	NA	NA	0.3	0.3	0.0	0.5	0.2	NA	0.3	0.2	NA	0.3	0.2	0.0	1.0	0.8	0.1	0.2	0.3	0.5	0.0	0.2	NA	0.3	0.4	0.3	0.2	0.0	0.0	1.0	NA	NA	NA	NA	0.5	0.0	NA	0.0	NA	0.0	NA	NA
rn_cluster_78.txt	0.5	0.3	0.5	NA	NA	NA	0.2	0.0	0.0	0.3	0.5	0.5	0.3	0.0	1.0	0.0	0.5	NA	0.0	0.0	0.4	0.4	NA	0.3	NA	0.0	0.2	0.5	0.2	NA	0.2	NA	0.3	0.5	0.3	0.3	0.1	NA	0.3	0.5	0.0	0.4	0.3	0.4	0.2	NA	NA	NA	0.2	0.4	0.2	NA	0.3	0.0	0.3	0.3	0.3	0.5	0.8	0.4	0.4	0.1	0.2	0.5	0.1	0.4	0.0	0.0	0.4	0.3	0.5	0.6	0.1	0.4	NA	0.2	0.1	0.6	0.3	NA	NA	NA	0.0	0.2	0.4	NA	0.1	0.2	0.1	NA	0.4	NA	NA	0.3	0.2	0.3	0.0	NA	0.5	0.2	NA	0.3	0.1	0.4	NA	NA	NA	NA	NA	0.2	0.5	0.0	0.1	0.0	NA	0.7	0.3	0.2	0.4	0.3	0.2	0.0	0.2	0.1	0.1	0.1	0.6	0.5	0.5	0.2	NA	NA	0.0	0.3	0.5	0.4	0.5	0.5	0.3	NA	0.6	0.0	0.3	0.3	0.3	0.1	NA	0.5	0.3	0.2	NA	0.4	NA	NA	NA	0.2	0.4	0.3	NA	NA	NA	0.3	0.4	0.5	0.7	0.2	NA	0.0	0.3	NA	0.2	0.2	0.5	NA	0.1	0.0	0.2	0.7	0.5	0.0	0.1	NA	0.2	0.2	0.0	0.4	0.0	0.2	0.0	NA	NA	NA	NA	0.2	0.0	NA	0.0	NA	NA	NA	NA
rn_cluster_79.txt	0.0	0.0	0.1	NA	NA	NA	0.5	0.2	0.0	0.0	0.2	0.0	0.2	0.0	0.0	0.3	0.0	NA	0.0	0.0	0.4	0.3	NA	0.7	NA	0.4	0.5	0.2	0.2	NA	0.2	NA	0.4	0.6	0.0	0.0	0.2	NA	0.3	0.2	0.2	0.3	0.5	0.0	0.1	NA	NA	NA	0.1	0.4	NA	NA	0.2	0.3	0.2	0.0	0.2	0.4	0.3	0.0	0.2	0.1	0.4	0.6	0.2	0.2	0.2	0.3	0.2	0.4	0.4	0.5	0.0	0.2	NA	0.5	0.3	0.1	0.3	NA	NA	NA	0.3	0.0	0.5	NA	0.3	0.0	0.2	NA	0.1	0.0	NA	0.5	0.2	0.4	0.8	NA	0.5	0.1	1.0	0.3	0.5	0.4	NA	NA	NA	NA	NA	0.0	0.6	0.1	0.1	0.3	NA	0.3	0.3	0.3	0.5	0.3	0.7	0.4	0.4	0.2	0.3	0.1	0.4	0.6	0.3	0.3	NA	NA	NA	0.3	0.4	0.5	0.5	0.3	0.1	NA	0.4	NA	0.5	0.2	0.6	0.0	NA	0.6	1.0	0.4	NA	0.2	NA	NA	NA	0.2	0.4	0.3	NA	NA	NA	0.1	0.3	0.0	0.0	0.0	NA	0.0	0.6	NA	0.3	0.2	0.5	0.3	0.2	0.3	0.2	0.0	0.3	0.0	0.3	NA	0.0	0.6	0.0	0.2	0.7	0.5	0.0	NA	NA	NA	NA	0.7	0.0	NA	0.5	NA	NA	NA	NA
rn_cluster_8.txt	0.0	0.3	0.4	NA	NA	0.0	0.0	0.4	0.2	0.3	0.4	0.0	0.3	0.0	0.0	0.0	0.5	NA	0.0	0.2	0.0	0.2	NA	0.0	NA	0.0	0.1	0.2	0.3	NA	0.2	NA	0.5	0.5	0.3	0.2	0.0	NA	0.0	0.3	0.3	0.5	0.4	0.1	0.2	NA	NA	NA	0.4	0.2	0.0	NA	0.3	0.3	0.1	0.3	0.0	0.5	0.7	0.1	0.3	0.4	0.2	0.5	0.3	0.2	0.0	0.3	0.2	0.1	0.0	0.5	0.5	0.4	NA	0.3	0.0	0.1	0.0	NA	NA	NA	0.3	0.0	0.2	NA	0.2	0.0	0.6	NA	0.2	0.3	NA	0.0	0.2	0.3	0.0	NA	0.6	0.3	1.0	0.7	0.4	0.3	NA	NA	NA	NA	NA	0.3	0.5	0.4	0.1	0.3	NA	0.3	0.0	0.3	0.4	0.3	0.2	0.4	0.3	0.3	0.5	0.3	0.4	0.5	0.0	0.1	1.0	NA	NA	0.1	0.4	0.4	0.5	0.4	0.2	NA	0.6	0.7	0.2	0.3	0.5	0.1	NA	0.5	0.3	0.2	NA	0.0	NA	NA	NA	0.4	0.2	0.5	NA	NA	NA	0.8	0.4	0.0	0.3	0.2	NA	0.0	0.5	NA	0.3	0.2	1.0	0.0	0.2	0.3	0.1	0.3	0.5	0.0	0.1	NA	0.3	0.1	0.4	0.4	0.0	0.4	0.4	NA	NA	NA	NA	0.2	0.5	NA	0.3	NA	NA	NA	NA
rn_cluster_80.txt	0.0	0.3	0.3	NA	NA	NA	0.1	0.2	0.3	0.3	0.3	0.1	0.3	0.7	0.0	0.3	0.0	NA	0.2	0.0	0.2	0.1	NA	0.2	NA	0.5	0.1	0.1	0.3	NA	0.5	NA	0.5	0.6	0.0	0.6	0.1	NA	0.2	0.4	0.2	0.4	0.2	0.3	0.6	NA	NA	NA	0.3	0.0	0.0	NA	0.0	0.0	0.2	0.1	0.4	0.6	0.3	0.3	0.2	0.1	0.4	0.5	0.2	0.1	0.3	0.3	0.6	0.6	0.4	0.2	0.4	0.2	NA	0.7	0.2	0.2	0.0	NA	NA	NA	1.0	0.3	0.1	NA	0.2	0.4	0.3	NA	0.3	0.0	NA	0.2	0.2	0.5	0.0	NA	0.3	0.4	NA	0.3	0.2	0.4	NA	NA	NA	NA	NA	0.0	0.4	0.5	0.1	0.0	NA	0.3	0.0	0.4	0.0	0.3	0.2	0.2	0.4	0.5	0.3	0.3	0.3	0.3	NA	0.2	NA	NA	NA	0.6	0.5	0.3	0.3	0.2	0.3	NA	0.5	0.0	0.0	0.3	0.4	0.2	NA	0.4	NA	0.8	NA	0.1	NA	NA	NA	0.1	0.2	0.2	NA	NA	NA	0.1	0.4	0.2	0.3	0.2	NA	0.0	0.3	NA	0.3	0.4	0.2	1.0	0.3	0.0	0.3	0.0	0.1	0.3	0.8	NA	0.5	0.3	0.0	0.3	0.5	0.2	0.0	NA	NA	NA	NA	0.1	0.5	NA	0.0	NA	NA	NA	NA
rn_cluster_81.txt	0.7	0.3	0.3	NA	NA	1.0	0.5	0.3	0.0	0.3	0.3	0.3	0.5	0.3	0.0	0.3	0.0	NA	0.8	0.2	0.0	0.2	NA	0.5	NA	0.4	0.2	0.2	0.4	NA	0.4	NA	0.6	0.5	0.0	0.0	0.5	NA	0.4	0.8	0.3	0.3	0.1	0.2	0.1	NA	NA	NA	0.1	0.1	0.0	NA	0.0	0.3	0.4	0.2	0.0	0.3	1.0	0.1	0.1	0.1	0.3	0.6	0.4	0.2	0.2	0.2	0.4	0.3	0.1	0.2	0.3	0.1	NA	0.1	0.2	0.3	0.0	NA	NA	NA	0.0	0.2	0.1	NA	0.3	0.0	0.2	NA	0.3	0.0	NA	0.2	0.2	0.3	0.0	NA	0.4	0.2	NA	0.0	0.0	0.6	NA	NA	NA	NA	NA	0.0	0.2	0.3	0.4	0.0	NA	0.0	0.2	0.1	0.3	0.0	0.3	0.2	0.2	0.3	0.4	0.2	0.5	0.4	0.3	0.0	NA	NA	NA	0.4	0.6	0.7	0.0	0.2	0.2	NA	0.7	0.0	NA	0.5	0.6	0.5	1.0	0.2	0.0	0.3	NA	0.2	NA	NA	NA	0.3	0.0	0.2	NA	NA	NA	0.3	0.3	0.2	0.0	0.4	NA	0.0	0.3	NA	0.3	0.2	0.3	0.0	0.4	0.2	0.1	0.0	0.1	0.0	0.2	NA	0.3	0.2	NA	0.4	0.0	0.4	0.6	NA	NA	NA	NA	0.3	NA	NA	0.3	NA	NA	NA	NA
rn_cluster_82.txt	0.0	0.1	0.7	NA	NA	NA	0.3	0.2	0.1	0.0	0.1	0.1	0.4	0.5	0.0	0.0	0.1	NA	0.2	0.3	0.2	0.4	NA	0.4	NA	0.0	0.1	0.4	0.2	NA	0.0	NA	0.3	0.6	0.0	0.2	0.4	NA	0.0	0.4	0.0	0.2	0.4	0.0	0.1	NA	NA	NA	0.5	0.2	0.3	NA	0.0	0.7	0.5	0.2	0.2	0.4	0.3	0.1	0.4	0.4	0.4	0.6	0.3	0.3	0.0	0.3	0.3	0.1	0.0	0.0	0.0	0.2	NA	0.2	0.2	0.5	0.2	NA	NA	NA	0.5	0.2	0.1	NA	0.5	0.8	0.1	NA	0.2	0.0	NA	0.1	0.2	0.4	0.0	NA	0.6	0.2	NA	0.0	0.4	0.6	NA	NA	NA	NA	NA	0.0	0.3	0.3	0.1	0.4	NA	0.0	0.7	0.5	0.2	0.3	0.5	0.0	0.6	0.1	0.3	0.4	0.4	0.3	0.2	0.2	NA	NA	NA	0.0	0.4	0.3	0.7	0.4	0.2	NA	0.3	0.0	0.0	0.4	0.5	0.5	NA	0.3	0.0	0.2	NA	0.1	NA	NA	NA	0.0	0.1	0.8	NA	NA	NA	0.0	0.4	0.4	0.0	0.2	NA	0.0	0.3	NA	0.3	NA	0.4	0.0	0.1	0.2	0.2	0.0	0.4	0.7	0.5	NA	0.0	0.4	0.3	0.2	0.0	0.4	0.3	NA	NA	NA	NA	0.2	0.2	NA	0.3	NA	0.0	NA	NA
rn_cluster_83.txt	0.2	0.0	0.3	NA	NA	NA	0.2	0.2	0.2	0.0	0.3	0.2	0.5	0.5	0.0	0.5	0.2	NA	0.0	0.5	0.0	0.2	NA	0.3	NA	0.0	0.1	0.2	0.4	NA	0.8	NA	0.4	0.6	0.0	0.1	0.3	NA	0.3	0.1	0.0	0.4	0.2	0.1	0.4	NA	NA	NA	0.0	0.4	0.3	NA	0.0	0.0	0.3	0.1	0.4	0.4	0.3	0.5	0.3	0.3	0.5	0.6	0.4	0.4	0.3	0.4	0.2	0.6	0.0	0.3	0.8	0.2	NA	0.2	0.0	0.5	0.3	NA	NA	NA	0.0	0.0	0.0	NA	0.2	0.3	0.1	NA	0.4	0.3	NA	0.4	0.3	0.5	0.3	NA	0.5	0.5	NA	0.0	0.5	0.3	NA	NA	NA	NA	NA	0.0	0.1	0.1	0.3	0.0	NA	0.3	0.7	0.5	0.2	0.3	0.4	0.2	0.3	0.3	0.5	0.2	0.6	0.6	1.0	0.1	NA	NA	NA	0.4	0.4	0.6	0.1	0.4	0.1	NA	0.4	0.0	NA	0.4	0.5	0.0	NA	0.4	0.0	0.0	NA	0.3	NA	NA	NA	0.2	0.3	0.3	NA	NA	NA	0.1	0.4	0.6	0.3	0.4	NA	0.0	0.4	0.0	0.4	0.2	0.2	0.0	0.1	0.2	0.2	0.3	0.3	0.0	0.1	NA	0.0	0.0	0.3	0.2	1.0	0.2	0.5	NA	NA	NA	NA	0.1	0.0	NA	0.2	NA	NA	NA	NA
rn_cluster_84.txt	0.3	0.4	0.8	NA	NA	NA	0.1	0.2	0.2	0.0	0.0	0.3	0.5	0.0	0.3	0.2	0.6	NA	0.0	0.3	0.2	0.3	NA	0.0	NA	0.3	0.1	0.1	0.3	NA	0.8	NA	0.3	0.5	0.0	0.1	0.0	NA	0.0	0.1	0.0	0.2	0.2	0.4	0.3	NA	NA	NA	0.0	0.0	1.0	NA	NA	0.5	0.3	0.2	0.4	0.3	0.2	0.4	0.2	0.4	0.1	0.7	0.1	0.2	0.1	0.4	0.1	0.2	0.3	0.0	0.2	0.2	NA	0.6	0.0	0.3	0.0	NA	NA	NA	0.0	0.4	0.2	NA	0.3	0.3	0.1	NA	0.3	0.2	NA	0.2	0.1	0.3	0.2	NA	0.4	0.1	NA	0.0	0.1	0.4	NA	NA	NA	NA	NA	1.0	0.1	0.1	0.8	0.3	NA	0.0	0.2	0.4	0.1	0.0	0.3	0.2	0.3	0.4	0.6	0.1	0.5	0.3	0.0	0.4	NA	NA	NA	0.7	0.5	0.3	0.3	0.3	0.4	NA	0.3	0.5	0.3	0.5	0.5	0.0	NA	0.4	1.0	0.5	NA	0.3	NA	NA	NA	0.0	0.4	0.3	NA	NA	NA	0.3	0.6	0.0	0.3	0.7	NA	0.2	0.3	0.0	0.5	0.2	0.3	0.0	0.9	0.2	0.3	0.5	0.4	0.3	0.2	NA	0.0	0.1	0.7	0.5	0.3	0.4	0.0	NA	NA	NA	NA	0.0	0.0	NA	0.3	NA	NA	NA	NA
rn_cluster_85.txt	0.5	0.0	0.1	NA	1.0	NA	0.4	0.0	0.4	0.0	0.3	0.3	0.2	0.0	0.3	0.0	0.0	NA	0.0	0.2	0.2	0.6	NA	0.3	NA	0.2	0.3	0.4	0.2	NA	0.0	NA	0.3	0.7	0.3	0.3	0.1	NA	0.4	0.1	0.4	0.4	0.1	0.1	0.3	NA	NA	NA	0.4	0.2	0.3	NA	0.3	0.3	0.4	0.2	0.1	0.2	0.5	0.1	0.3	0.4	0.2	0.5	0.3	0.0	0.2	0.3	0.2	0.1	0.2	0.0	NA	0.5	NA	0.1	0.2	0.4	0.0	NA	NA	1.0	0.2	0.0	0.2	NA	0.5	0.2	0.2	NA	0.5	0.3	NA	0.4	0.3	0.4	0.0	NA	0.5	0.4	NA	0.0	0.4	0.5	NA	NA	NA	NA	NA	0.0	0.0	0.3	0.8	0.4	NA	0.3	1.0	0.6	0.2	0.0	0.3	0.2	0.6	0.7	0.3	0.1	0.6	0.3	0.0	0.7	NA	NA	NA	0.0	0.5	0.3	0.3	0.5	0.4	NA	0.4	NA	0.8	0.4	0.4	0.2	NA	0.5	NA	0.1	NA	0.5	NA	NA	NA	0.5	0.1	0.7	NA	NA	NA	0.4	0.3	0.0	0.3	0.3	NA	0.4	0.5	NA	0.6	0.2	0.0	0.3	0.1	0.2	0.7	0.5	0.2	0.3	0.2	NA	0.3	0.3	0.0	0.2	NA	0.5	0.4	NA	NA	NA	NA	0.4	0.0	NA	0.0	NA	NA	NA	NA
rn_cluster_86.txt	0.0	0.3	0.0	NA	NA	NA	0.1	0.0	0.2	0.0	0.2	0.5	0.4	0.3	0.3	1.0	0.0	NA	0.0	0.2	0.0	0.5	NA	0.0	NA	0.3	0.0	0.3	0.3	NA	0.2	NA	0.3	0.6	0.3	0.4	0.3	NA	0.0	0.1	0.2	0.4	0.2	0.3	0.3	NA	NA	NA	0.1	0.2	0.7	NA	0.1	0.0	0.2	0.3	0.4	0.3	0.5	0.4	0.3	0.5	0.3	0.5	0.2	0.1	0.0	0.2	0.5	0.4	0.4	0.2	0.2	0.4	NA	0.1	0.1	0.4	1.0	NA	NA	NA	NA	0.4	0.0	NA	0.1	0.8	0.3	NA	0.2	0.0	NA	0.2	0.1	0.3	0.3	NA	0.5	0.4	NA	0.2	0.0	0.4	NA	NA	NA	NA	NA	0.3	0.2	0.1	0.2	0.5	NA	0.3	0.3	0.5	0.5	0.3	0.3	0.1	0.2	0.4	0.2	0.4	0.5	0.3	0.3	0.3	NA	NA	NA	0.1	0.6	0.4	0.5	0.3	0.4	NA	0.2	0.0	0.0	0.4	0.5	0.2	NA	0.3	0.3	0.3	NA	0.3	NA	NA	NA	0.2	0.3	0.3	NA	1.0	NA	0.2	0.2	0.2	0.0	0.2	NA	0.1	0.3	NA	0.4	0.0	0.0	0.3	0.3	0.4	0.6	0.0	0.5	0.0	0.1	NA	0.3	0.1	0.0	0.8	0.0	0.3	0.0	NA	NA	NA	NA	0.0	0.3	NA	0.7	NA	NA	NA	NA
rn_cluster_87.txt	0.0	0.0	0.1	NA	NA	NA	0.1	0.5	0.2	NA	0.2	0.3	0.3	0.2	0.2	0.2	0.5	NA	0.0	0.0	0.0	0.3	NA	0.2	NA	0.3	0.1	0.4	0.6	NA	0.0	NA	0.4	0.5	0.0	0.4	0.1	NA	0.4	0.2	0.5	0.3	0.1	0.6	0.2	NA	NA	NA	0.3	0.0	1.0	NA	0.0	0.3	0.6	0.0	0.0	0.4	0.0	0.2	0.5	0.2	0.5	0.5	0.3	0.1	0.4	0.4	0.2	0.0	0.2	0.2	0.4	0.6	NA	0.4	0.4	0.3	0.0	NA	NA	NA	0.0	0.0	0.0	NA	0.2	0.0	0.0	NA	0.1	0.4	NA	0.1	0.2	0.6	0.2	NA	0.6	0.4	NA	0.0	0.2	0.6	NA	NA	NA	NA	NA	0.5	0.2	0.1	0.2	0.1	NA	0.0	0.0	0.5	0.5	0.0	0.3	0.8	0.3	0.0	0.4	0.0	0.5	0.4	0.0	0.4	NA	NA	NA	0.0	0.3	0.2	0.1	0.4	0.3	NA	0.5	NA	0.0	0.2	0.5	0.6	NA	0.5	1.0	0.2	NA	0.3	NA	NA	NA	0.5	0.0	0.3	NA	NA	NA	0.6	0.4	0.5	NA	0.3	NA	0.0	0.1	NA	0.6	0.2	0.5	0.2	0.2	0.2	0.2	0.0	0.3	0.0	0.1	NA	0.0	0.0	0.0	0.2	0.0	0.4	0.0	NA	NA	NA	NA	0.1	0.0	NA	0.3	NA	NA	NA	NA
rn_cluster_88.txt	0.0	0.5	0.1	NA	NA	NA	0.0	0.2	0.2	0.3	0.2	0.0	0.4	0.0	0.3	0.5	0.4	NA	0.0	0.0	0.5	0.0	NA	0.3	NA	0.2	0.1	0.2	0.1	NA	0.2	NA	0.4	0.5	0.5	0.3	0.3	NA	0.3	0.6	0.4	0.2	0.4	0.1	0.3	NA	NA	NA	0.2	0.2	0.0	NA	0.0	0.0	0.2	0.2	0.5	0.5	0.0	0.1	0.4	0.5	0.1	0.6	0.4	0.0	0.1	0.3	0.0	0.3	0.0	0.2	0.5	0.1	NA	0.1	0.0	0.3	0.0	NA	NA	NA	0.0	0.3	0.0	NA	0.1	0.2	0.0	NA	0.2	0.5	NA	0.2	0.4	0.3	0.0	NA	0.6	0.1	NA	0.0	0.1	0.4	NA	NA	NA	NA	NA	0.0	0.2	0.5	0.1	0.1	NA	0.0	1.0	0.4	0.0	0.0	0.4	0.5	0.2	0.1	0.3	0.1	0.6	0.5	0.0	0.6	NA	NA	NA	0.2	0.5	0.3	0.1	0.5	0.5	NA	0.6	0.0	0.0	0.2	0.4	0.0	NA	0.2	0.3	0.7	NA	0.2	NA	NA	NA	0.2	0.0	0.3	NA	NA	NA	0.3	0.5	0.0	0.5	0.1	NA	0.0	0.1	NA	0.4	0.0	0.6	0.0	0.1	0.2	0.1	0.3	0.2	0.3	0.2	NA	0.3	0.0	0.0	0.2	1.0	0.0	0.0	NA	NA	NA	NA	0.2	0.0	NA	0.1	NA	NA	NA	NA
rn_cluster_89.txt	0.0	0.0	0.2	NA	NA	NA	0.2	0.2	0.2	0.5	0.4	0.4	0.3	0.0	0.3	0.0	0.0	NA	0.3	0.0	0.0	0.1	NA	0.3	NA	1.0	0.6	0.5	0.5	NA	0.0	NA	0.5	0.7	0.0	0.2	0.1	NA	0.3	0.4	0.2	0.3	0.1	0.5	0.4	NA	NA	1.0	0.3	0.3	0.0	NA	0.3	0.3	0.8	0.5	0.7	0.3	0.0	0.3	0.5	0.2	0.3	0.5	0.2	0.1	0.5	0.2	0.6	0.2	0.8	0.2	0.2	0.2	NA	0.1	0.5	0.2	0.0	NA	NA	NA	0.0	0.3	0.1	NA	0.3	0.2	0.3	NA	0.4	0.0	NA	0.2	0.3	0.3	0.3	NA	0.5	0.4	NA	0.7	0.3	0.3	NA	NA	NA	NA	NA	0.4	0.2	0.2	0.4	0.4	NA	0.0	0.2	0.1	0.0	0.2	0.0	0.5	0.4	0.2	0.4	0.1	0.6	0.2	0.2	0.1	NA	NA	NA	0.3	0.4	0.5	0.2	0.6	0.2	NA	0.5	0.0	1.0	0.6	0.4	0.1	NA	0.6	0.3	0.1	NA	0.1	NA	NA	NA	0.3	0.0	0.0	NA	NA	NA	0.4	0.5	0.0	0.0	0.3	NA	0.0	0.3	NA	0.5	0.2	0.0	0.0	0.4	0.2	0.2	0.0	0.3	0.3	0.3	NA	0.0	0.6	0.0	0.5	1.0	0.2	0.2	NA	NA	NA	NA	0.4	0.0	NA	0.3	NA	NA	NA	NA
rn_cluster_9.txt	0.0	0.1	0.0	NA	NA	NA	0.2	0.3	NA	0.0	0.4	0.2	0.5	0.0	0.7	0.2	0.2	1.0	0.0	0.2	0.0	0.1	NA	NA	NA	1.0	0.1	0.0	0.4	NA	0.0	NA	0.5	0.5	0.3	0.7	0.1	NA	0.1	0.5	0.2	0.3	0.2	0.0	0.2	NA	NA	NA	0.2	0.3	0.0	NA	0.6	0.0	0.1	0.7	0.2	0.3	0.3	0.2	0.2	0.6	0.4	0.5	0.4	0.1	0.3	0.1	0.3	0.5	0.5	0.5	0.2	0.2	NA	0.3	0.4	0.0	0.5	NA	NA	NA	0.0	0.2	0.3	NA	0.1	0.6	0.5	NA	0.2	0.0	NA	0.8	0.1	0.3	0.0	NA	0.5	0.2	NA	NA	0.2	0.4	NA	NA	NA	NA	NA	0.0	0.2	0.4	0.8	0.1	NA	0.3	0.8	0.4	0.5	0.0	0.3	0.6	0.5	0.1	0.4	0.1	0.4	0.7	1.0	0.2	NA	NA	NA	0.2	0.4	0.4	0.5	0.3	0.3	NA	0.6	0.0	0.0	0.4	0.5	0.0	NA	0.4	0.8	0.1	NA	0.3	NA	NA	NA	0.2	0.1	0.0	NA	NA	NA	0.3	0.5	0.1	0.2	0.4	NA	0.1	0.2	NA	0.7	0.0	0.2	NA	0.0	0.2	0.1	0.5	0.6	0.0	0.3	NA	0.7	0.2	0.3	0.2	0.3	0.0	0.2	NA	NA	NA	NA	0.5	0.0	NA	0.0	NA	NA	NA	NA
rn_cluster_90.txt	0.0	0.3	0.3	NA	NA	NA	0.2	0.8	0.5	0.6	0.4	0.2	0.5	0.0	0.0	NA	0.0	NA	0.2	0.1	0.6	0.2	NA	0.0	NA	0.0	0.3	0.8	0.4	NA	0.2	NA	0.3	0.6	0.3	0.0	0.3	NA	0.4	0.1	0.5	0.5	0.0	0.0	0.4	NA	NA	NA	0.7	0.1	0.0	NA	0.3	0.0	0.4	0.2	0.5	0.3	0.0	0.0	0.2	0.4	0.4	0.5	0.2	0.1	0.0	0.3	0.1	0.4	0.3	0.0	0.0	0.4	NA	0.0	0.0	0.2	0.0	NA	1.0	NA	1.0	0.3	0.3	NA	0.1	0.3	0.2	NA	0.1	1.0	NA	0.5	0.2	0.2	0.2	NA	0.5	0.2	NA	0.2	0.5	0.3	NA	NA	NA	NA	NA	0.3	0.4	0.4	0.4	0.4	NA	0.0	0.5	0.3	0.2	0.0	0.5	0.3	0.2	0.3	0.4	0.4	0.6	0.3	0.0	0.2	NA	NA	NA	0.1	0.4	0.6	0.4	0.5	0.3	NA	0.4	0.3	0.5	0.4	0.6	0.2	NA	0.5	0.0	0.5	NA	0.3	NA	NA	NA	0.5	0.4	0.7	NA	NA	NA	0.3	0.4	0.1	0.0	0.2	NA	0.3	0.1	NA	0.5	0.0	0.2	0.3	0.2	0.3	0.3	0.0	0.2	0.0	0.4	NA	0.0	0.1	0.0	0.1	0.3	0.5	0.0	NA	NA	NA	NA	0.1	0.0	NA	0.0	1.0	NA	NA	NA
rn_cluster_91.txt	NA	0.0	0.0	NA	NA	NA	0.2	0.6	0.6	0.3	0.3	0.3	0.3	0.0	0.2	0.3	0.5	NA	0.1	0.3	0.4	0.1	NA	0.0	NA	0.0	0.5	0.2	0.1	NA	0.3	NA	0.3	0.6	0.0	0.4	0.4	1.0	0.2	0.1	0.6	0.5	0.2	0.1	0.0	NA	NA	NA	0.2	0.3	NA	NA	NA	0.0	0.2	0.1	0.2	0.4	0.0	0.5	0.3	0.1	0.5	0.6	0.2	0.6	0.0	0.2	0.4	0.4	0.0	0.2	0.3	0.3	NA	0.3	0.2	0.1	1.0	NA	NA	NA	NA	0.3	0.0	NA	0.1	0.5	0.0	NA	0.2	0.5	NA	0.3	0.2	0.7	0.5	NA	0.4	0.0	NA	0.0	0.1	0.4	NA	NA	NA	NA	NA	0.5	0.3	0.3	0.4	0.3	NA	0.3	0.2	0.4	0.4	0.3	0.3	0.2	0.4	0.3	0.7	0.2	0.5	0.3	0.3	0.1	NA	NA	1.0	0.3	0.4	0.3	0.4	0.5	0.2	NA	0.4	0.0	0.0	0.3	0.6	0.4	NA	0.5	0.0	0.4	NA	0.1	NA	NA	NA	0.0	0.0	0.3	NA	NA	NA	0.2	0.5	0.4	0.3	0.3	NA	0.2	0.3	NA	0.6	0.0	0.5	1.0	0.5	0.0	0.1	0.7	0.3	0.2	0.6	NA	0.0	0.2	0.3	0.2	0.2	0.0	1.0	NA	NA	NA	NA	0.2	0.0	NA	0.3	NA	NA	NA	NA
rn_cluster_92.txt	0.0	0.5	0.4	NA	NA	NA	0.1	0.0	0.4	0.0	0.2	0.1	0.2	0.0	0.0	0.0	0.0	NA	0.3	0.0	0.3	0.0	NA	0.3	NA	0.0	0.6	0.7	0.4	NA	0.4	NA	0.5	0.6	0.2	0.4	0.3	NA	0.3	0.3	0.0	0.5	0.2	0.8	0.1	NA	NA	NA	0.4	0.2	0.0	NA	0.0	0.5	0.4	0.1	0.2	0.3	0.0	0.1	0.5	0.2	0.2	0.7	0.5	0.4	0.3	0.3	0.4	0.3	0.2	0.2	0.2	0.3	NA	0.4	0.0	0.2	0.0	NA	NA	NA	0.3	0.0	0.1	NA	0.1	0.2	0.2	NA	0.4	0.2	NA	0.2	0.4	0.3	0.3	NA	0.4	0.2	NA	0.3	0.3	0.4	NA	NA	NA	NA	NA	0.0	0.1	0.0	0.2	0.3	NA	0.2	0.3	0.3	0.3	0.0	0.3	0.0	0.5	0.2	0.3	0.2	0.6	0.3	0.0	0.2	NA	NA	NA	0.3	0.5	0.6	0.1	0.3	0.3	NA	0.3	0.2	0.0	0.3	0.7	0.3	NA	0.2	0.0	0.4	NA	0.5	NA	NA	NA	0.0	0.1	0.3	NA	NA	NA	0.2	0.5	0.0	0.3	0.5	NA	0.0	0.2	NA	0.4	0.5	0.0	NA	0.0	0.4	0.1	0.0	0.0	0.3	0.1	NA	0.5	0.0	0.3	0.1	0.3	0.3	0.2	NA	NA	NA	NA	0.1	0.5	NA	0.0	NA	NA	NA	NA
rn_cluster_93.txt	0.0	0.0	0.3	NA	1.0	NA	0.2	0.2	0.5	0.0	0.3	0.5	0.2	0.0	0.3	0.0	0.2	NA	0.0	0.7	0.2	0.2	NA	0.2	NA	0.0	0.2	0.3	0.1	NA	0.2	NA	0.5	0.7	0.0	0.2	0.3	NA	0.1	0.3	0.0	0.3	0.2	0.3	0.2	NA	NA	NA	0.3	0.1	0.0	NA	0.5	0.0	0.3	0.6	0.2	0.3	0.3	0.2	0.4	0.3	0.1	0.6	0.4	0.1	0.6	0.5	0.5	0.1	0.0	0.0	0.3	0.2	NA	0.2	0.5	0.5	0.0	NA	NA	NA	0.3	0.2	0.1	NA	0.5	0.3	0.0	NA	0.4	0.0	NA	0.0	0.3	0.6	0.2	NA	0.6	0.4	NA	0.3	0.5	0.4	NA	NA	NA	NA	NA	NA	0.2	0.0	0.1	0.1	NA	0.2	0.0	0.3	0.2	0.0	0.2	0.2	0.2	0.5	0.4	0.1	0.6	0.2	0.3	0.4	NA	NA	NA	0.5	0.6	0.5	0.5	0.6	0.0	NA	0.4	0.3	0.2	0.4	0.4	0.5	NA	0.4	0.7	0.4	NA	0.2	NA	NA	NA	0.0	0.0	0.0	NA	NA	NA	0.0	0.2	0.0	NA	0.6	NA	0.0	0.2	NA	0.4	0.3	0.2	0.3	0.2	0.0	0.3	0.0	0.2	0.0	0.2	NA	0.0	0.0	0.2	0.2	0.3	0.2	0.0	NA	NA	NA	NA	0.3	0.0	NA	0.0	NA	NA	NA	NA
rn_cluster_94.txt	0.0	0.3	0.1	NA	NA	NA	0.1	0.5	0.2	0.3	0.3	0.2	0.5	0.0	0.7	0.5	0.0	NA	0.3	0.8	0.2	0.1	NA	NA	NA	0.2	0.3	0.0	0.2	NA	0.2	NA	0.3	0.4	0.3	0.2	0.1	NA	0.3	0.0	0.2	0.4	0.5	0.1	0.2	NA	NA	NA	0.3	0.3	0.0	NA	0.3	0.0	0.1	0.3	0.1	0.4	0.4	0.2	0.3	0.2	0.4	0.5	0.2	0.4	0.5	0.2	0.4	0.6	0.2	0.5	0.2	0.4	NA	0.4	0.0	0.2	0.0	NA	NA	NA	0.0	0.2	0.5	NA	0.3	0.0	0.2	NA	0.1	0.5	NA	0.5	0.1	0.5	0.7	NA	0.5	0.1	NA	0.0	0.1	0.5	NA	NA	NA	NA	NA	0.0	0.6	0.1	0.6	0.1	NA	0.3	0.3	0.2	0.2	0.5	0.3	0.0	0.1	0.1	0.5	0.0	0.5	0.3	0.3	0.4	NA	NA	NA	0.0	0.5	0.5	0.1	0.5	0.4	NA	0.5	0.3	0.3	0.5	0.4	0.0	NA	0.4	0.3	0.3	NA	0.4	NA	NA	NA	0.4	0.7	1.0	NA	NA	NA	0.0	0.2	0.2	0.0	0.5	NA	0.3	0.4	NA	0.5	0.4	0.4	0.0	0.3	0.0	0.2	0.0	0.4	1.0	0.4	NA	0.0	0.5	0.0	0.2	0.2	0.4	0.5	NA	NA	NA	NA	0.3	0.3	NA	0.5	NA	NA	NA	NA
rn_cluster_95.txt	0.0	0.2	0.1	NA	NA	NA	0.1	0.8	0.0	0.5	0.4	0.2	0.2	0.3	0.0	0.5	0.0	1.0	0.0	0.8	0.2	0.2	NA	0.0	NA	0.0	0.1	0.6	0.3	NA	0.2	NA	0.2	0.6	0.0	0.0	0.7	NA	0.4	0.0	0.2	0.4	0.4	0.2	0.4	NA	NA	NA	0.4	0.5	0.0	NA	0.3	0.3	0.2	0.1	0.0	0.3	0.3	0.4	0.3	0.2	0.1	0.5	0.5	0.1	0.4	0.4	0.5	0.2	0.4	0.6	0.0	0.2	NA	0.2	0.0	0.2	0.3	NA	NA	NA	0.5	0.0	0.1	NA	0.0	0.1	0.3	NA	0.3	0.0	NA	0.0	0.4	0.2	0.3	NA	0.4	0.5	NA	0.0	0.4	0.5	NA	NA	NA	NA	NA	0.0	0.6	0.1	0.0	0.1	NA	0.0	0.0	0.3	0.4	0.0	0.4	0.2	0.2	0.1	0.2	0.1	0.5	0.4	NA	0.1	NA	NA	NA	0.3	0.5	0.4	0.4	0.2	0.2	NA	0.3	NA	0.3	0.3	0.4	0.1	NA	0.3	0.0	0.2	NA	0.2	NA	NA	NA	0.5	0.2	0.5	NA	NA	NA	0.4	0.4	0.3	0.0	0.2	NA	0.7	0.5	NA	0.4	0.4	0.0	0.0	0.1	0.1	0.0	0.0	0.2	0.3	0.1	1.0	0.0	0.4	0.7	0.4	0.7	0.0	0.2	NA	NA	NA	NA	0.5	NA	NA	1.0	NA	NA	NA	NA
rn_cluster_96.txt	NA	0.2	0.1	NA	NA	NA	0.7	0.3	0.1	NA	0.3	0.3	0.3	0.0	0.3	0.0	0.2	NA	0.0	0.8	0.0	0.7	NA	NA	NA	0.0	0.2	0.2	0.4	NA	0.3	NA	0.4	0.5	0.3	0.2	0.1	NA	0.2	0.5	0.0	0.4	0.3	0.1	0.3	NA	NA	NA	0.1	0.2	0.0	NA	0.0	0.0	0.4	0.4	0.4	0.5	0.0	0.2	0.5	0.0	0.0	0.5	0.2	0.2	0.1	0.2	0.4	0.3	0.2	0.0	0.8	0.1	NA	0.2	0.0	0.2	0.2	NA	NA	NA	0.3	0.4	0.3	NA	0.2	0.2	0.3	NA	0.3	1.0	NA	0.0	0.6	0.3	0.0	NA	0.4	0.5	NA	NA	0.3	0.3	NA	NA	NA	NA	NA	1.0	0.1	0.2	0.5	0.8	NA	0.0	0.5	0.4	0.5	0.0	0.3	0.0	0.4	0.0	0.2	0.2	0.5	0.4	0.0	0.3	NA	NA	NA	0.0	0.5	0.1	0.6	0.2	0.4	NA	0.3	0.3	0.0	0.4	0.3	0.3	NA	0.4	0.2	0.2	NA	0.4	NA	NA	NA	0.2	0.1	0.0	NA	NA	NA	0.2	0.4	0.0	0.0	0.3	NA	0.2	0.3	NA	0.5	0.0	0.4	NA	0.4	0.0	0.4	1.0	0.3	0.3	0.1	1.0	1.0	0.4	0.0	0.2	0.0	0.0	0.2	NA	NA	NA	NA	0.2	0.8	NA	0.0	NA	NA	NA	NA
rn_cluster_97.txt	0.3	0.2	0.0	NA	NA	NA	0.0	0.3	0.4	0.3	0.0	0.4	0.3	1.0	0.0	0.0	0.2	NA	0.3	0.0	0.2	0.1	NA	0.0	NA	0.0	0.6	0.1	0.6	NA	0.1	NA	0.4	0.4	0.0	0.1	0.2	NA	0.2	0.4	0.4	0.6	0.4	0.4	0.3	1.0	NA	NA	0.3	0.2	NA	NA	0.0	0.0	0.2	0.5	0.2	0.5	0.3	0.4	0.5	0.2	0.4	0.6	0.2	0.4	0.5	0.3	0.4	0.2	0.3	0.3	0.2	0.5	NA	0.3	0.0	0.2	0.3	NA	NA	NA	0.5	0.3	0.4	1.0	0.2	0.0	0.1	NA	0.2	0.3	NA	0.4	0.2	0.5	0.0	NA	0.4	0.3	NA	0.3	0.2	0.2	NA	NA	NA	NA	NA	0.0	0.1	0.5	0.4	0.1	NA	0.0	0.0	0.3	0.7	1.0	0.2	0.2	0.3	0.0	0.4	0.3	0.5	0.4	0.3	0.6	NA	NA	NA	0.1	0.4	0.3	0.3	0.3	0.5	NA	0.2	0.3	0.0	0.2	0.7	0.2	NA	0.4	0.0	0.4	NA	0.2	NA	NA	NA	0.3	0.2	0.1	NA	NA	NA	0.1	0.4	0.1	0.3	0.1	NA	0.0	0.2	NA	0.5	0.0	0.2	0.0	0.1	0.2	0.3	0.0	0.2	0.2	0.4	NA	0.5	0.3	0.3	0.4	0.0	0.0	0.0	NA	NA	NA	NA	0.1	0.0	NA	0.5	NA	NA	NA	NA
rn_cluster_98.txt	0.3	0.1	0.0	NA	NA	NA	0.1	0.2	0.2	0.0	0.7	0.5	0.5	0.0	0.0	0.0	0.0	NA	0.0	0.2	0.1	0.2	NA	0.2	NA	0.2	0.2	0.3	0.2	NA	0.2	NA	0.5	0.6	0.0	0.4	0.2	NA	0.0	0.3	0.0	0.2	0.2	0.1	0.1	NA	NA	NA	0.2	0.2	0.0	NA	0.0	1.0	0.1	0.4	0.4	0.3	0.0	0.2	0.2	0.1	0.3	0.5	0.1	0.7	0.5	0.4	0.2	0.3	0.2	0.5	0.2	0.3	NA	0.2	0.0	0.3	0.3	NA	NA	NA	0.5	0.2	0.3	NA	0.4	0.1	0.4	NA	0.2	0.0	NA	0.1	0.4	0.4	NA	NA	0.5	0.2	NA	0.0	0.3	0.4	NA	NA	NA	NA	NA	0.0	0.4	0.1	0.2	0.1	NA	0.0	0.0	0.4	0.2	1.0	0.2	0.0	0.1	0.2	0.2	0.4	0.4	0.2	0.0	0.2	NA	NA	NA	0.3	0.6	0.3	0.2	0.2	0.6	NA	0.3	0.3	0.5	0.4	0.5	0.1	NA	0.4	0.0	0.2	NA	0.1	NA	NA	NA	0.1	0.0	0.7	NA	NA	NA	0.1	0.4	0.0	0.0	0.6	NA	0.2	0.1	NA	0.5	0.2	0.4	0.2	0.4	0.1	0.1	0.3	0.3	0.0	0.3	NA	0.0	0.0	0.3	0.7	0.1	0.2	1.0	NA	NA	NA	NA	0.7	NA	NA	0.0	NA	NA	NA	NA
rn_cluster_99.txt	0.5	0.0	0.1	NA	0.2	NA	0.0	0.2	0.0	1.0	0.1	0.6	0.5	0.7	0.3	0.3	0.0	NA	0.5	0.2	0.8	0.1	NA	0.3	NA	0.2	0.2	0.1	0.2	NA	0.2	NA	0.5	0.7	0.0	0.2	0.3	NA	0.5	0.0	1.0	0.3	0.2	0.6	0.1	NA	NA	NA	0.2	0.2	0.3	NA	0.5	0.3	0.2	0.4	0.1	0.6	0.0	0.4	0.2	0.1	0.2	0.6	0.2	0.3	0.2	0.3	0.5	0.0	0.2	0.2	0.2	0.5	NA	0.3	0.0	0.3	1.0	NA	NA	NA	0.2	0.2	0.6	NA	0.1	0.0	0.2	NA	0.4	0.3	NA	0.2	0.5	0.5	0.5	NA	0.6	0.0	NA	0.2	0.5	0.4	NA	NA	NA	NA	NA	0.0	0.4	0.4	0.1	0.5	NA	0.0	0.2	0.4	0.0	0.0	0.4	0.2	0.4	0.1	0.3	0.2	0.4	0.2	0.5	0.2	NA	NA	NA	0.3	0.5	0.6	0.5	0.4	0.2	NA	0.5	0.3	0.3	0.4	0.5	0.1	NA	0.5	0.3	0.3	NA	0.0	NA	NA	NA	0.6	0.1	0.0	NA	NA	NA	0.1	0.3	0.0	0.0	0.5	NA	0.3	0.2	NA	0.4	0.8	0.3	0.0	0.3	0.1	0.3	1.0	0.4	0.0	0.3	NA	0.3	0.6	0.0	0.1	NA	0.0	0.0	NA	NA	NA	NA	0.2	0.0	NA	0.7	NA	NA	NA	NA