# From /Users/Daniela/Documents/CCG/GU_art_2/GO_levels/scripts/golevels_of_random_sets_v2.pl on Wed Oct  3 01:53:34 2018
# Using: /Users/Daniela/Documents/CCG/GU_art_2/GO_levels/random_sets_smgns/random_conformation_effect/
# GO levels of same set are in: /Users/Daniela/Documents/CCG/GU_art_2/GO_levels_extended/results/random_gos/levels/conformationeffect_random_levels.txt 
# Columns= Group name
# Rows= Random set
	Ada-Methylated_neg	Ada-Methylated_pos	AlaS-L-alanine_neg	AllS-allantoin_pos	AraC-L-arabinose_neg	AraC-L-arabinose_pos	ArcA-Phosphorylated_neg	ArcA-Phosphorylated_pos	ArgP-L-arginine_neg	ArgP-L-arginine_pos	ArgR-L-arginine_neg	ArgR-L-arginine_pos	AtoC-phosphorylated_pos	BaeR-Phosphorylated_pos	BirA-bio-5'-AMP_neg	CRP-cAMP_neg	CRP-cAMP_pos	ChbR-Monoacetylchitobiose-6P_neg	ChbR-Monoacetylchitobiose-6P_pos	CpxR-Phosphorylated_neg	CpxR-Phosphorylated_pos	CreB-Phosphorylated_neg	CreB-Phosphorylated_pos	CueR-Ag_neg	CueR-Ag_pos	CueR-Cu+_neg	CueR-Cu+_pos	CuerR-Au_neg	CuerR-Au_pos	CusR-Pasp_pos	CynR-Cyanate_neg	CynR-Cyanate_pos	CysB-N-acetyl-L-serine_neg	CysB-N-acetyl-L-serine_pos	CysB-O-acetyl-L-serine_neg	CysB-O-acetyl-L-serine_pos	DcuR-Phosphorylated_pos	DnaA-ATP_neg	DnaA-ATP_pos	DpiA-Pasp_neg	DpiA-Pasp_pos	DsdC-D-serine_neg	DsdC-D-serine_pos	EvgA-Phosphorylated_pos	FNR-[4Fe-4S]2+ reduced_neg	FNR-[4Fe-4S]2+ reduced_pos	FhlA-Formate_pos	FucR-L-fuculose-1-phosphate_pos	Fur-Fe2+_neg	Fur-Fe2+_pos	Fur-Mn2+_neg	Fur-Mn2+_pos	GlcC-Acetate_neg	GlcC-Acetate_pos	GlcC-Glycolate_neg	GlcC-Glycolate_pos	GlrR-Pasp56_pos	IclR-pyruvate_neg	IdnR-5-ketogluconate_neg	IdnR-5-ketogluconate_pos	IdnR-Idonate_neg	IdnR-Idonate_pos	IlvY-2-acetolactate_neg	IlvY-2-acetolactate_pos	IlvY-Alfa-acetohydroxybutirate_neg	IlvY-Alfa-acetohydroxybutirate_pos	IscR-[2Fe-2S]1+_neg	IscR-[2Fe-2S]1+_pos	LldR-L-lactate_neg	LldR-L-lactate_pos	Lrp-Leucine_neg	Lrp-Leucine_pos	LsrR_neg	MalT-ADP-Maltotriose_pos	MalT-Maltotriose-ATP_pos	MelR-Melibiose_neg	MelR-Melibiose_pos	MetJ-S-adenosylmethionine_neg	MetR-L-homocysteine_neg	MetR-L-homocysteine_pos	MhpR-3-(2,3-dihydroxyphenyl)propionate [DHPP]_pos	MhpR-3HPP_pos	MntR-Cd2+_neg	MntR-Cd2+_pos	ModE-MoO42-_neg	ModE-MoO42-_pos	NarL-Phosphorylated_neg	NarL-Phosphorylated_pos	NarP-Phosphorylated_neg	NarP-Phosphorylated_pos	NhaR-Na+_pos	NikR-Cd2+_neg	NikR-Co2+_neg	NikR-Cu2+_neg	NikR-Ni2+_neg	NikR-Zn2+_neg	NrdR-ATP_neg	NrdR-Zn2+_neg	NrdR-dATP_neg	NsrR-[2Fe-2S]reduced_neg	PhoB-Phosphorylated_neg	PhoB-Phosphorylated_pos	PhoP-Phosphorylated_neg	PhoP-Phosphorylated_pos	PrpR-2-methylcitrate_neg	PrpR-2-methylcitrate_pos	PurR-Guanine_neg	PurR-Hypoxanthine_neg	QseB-Phosphorylated_pos	RhaR-L-rhamnose_pos	RhaS-L-rhamnose_pos	RstA-Phosphorylated_neg	RstA-Phosphorylated_pos	SoxR-[2Fe-2S]3+ oxydized_neg	SoxR-[2Fe-2S]3+ oxydized_pos	TorR-Phosphorylated_neg	TorR-Phosphorylated_pos	TrpR-Tryptophan_neg	TyrR-L-tryptophan_neg	TyrR-L-tryptophan_pos	TyrR-Phenylalanine_neg	TyrR-Phenylalanine_pos	TyrR-Tyrosine_neg	TyrR-Tyrosine_pos	UhpA-Phosphorylated_pos	XapR-xanthosine_pos	XylR-Xylose_pos	ZntR-Cd2+_pos	ZntR-Hg_pos	ZntR-Zn2+_pos	ZraR-Phosphorylated_pos	Zur-Zn2+_neg
ran_1.txt	1.00	1.00	NA	0.50	0.71	0.71	0.52	0.66	NA	0.69	0.60	0.75	0.75	0.67	0.60	0.50	0.55	0.50	0.75	0.53	0.48	NA	0.67	0.75	0.50	0.67	NA	0.75	NA	0.62	NA	0.67	0.40	0.47	0.57	0.55	0.50	0.62	0.40	NA	0.86	NA	1.00	0.50	0.56	0.53	0.61	0.67	0.62	0.62	0.59	0.74	NA	0.75	NA	1.00	NA	0.67	0.67	0.50	0.67	0.75	NA	NA	NA	NA	0.60	0.64	0.67	0.50	0.50	0.60	0.86	0.78	0.44	1.00	0.67	0.67	1.00	0.50	0.60	0.60	0.50	NA	0.69	0.44	0.51	0.62	0.64	0.47	0.25	0.50	0.67	1.00	NA	1.00	0.71	1.00	0.57	0.55	0.67	0.62	0.67	0.61	NA	0.67	0.58	0.65	0.67	NA	0.50	0.75	0.80	NA	0.67	NA	0.75	0.67	0.75	0.50	0.60	0.67	0.64	1.00	NA	NA	1.00	NA	NA	NA	0.50	1.00
ran_10.txt	0.50	0.50	NA	0.50	0.43	0.50	0.60	0.70	NA	0.77	0.75	0.60	0.50	0.57	0.75	0.61	0.52	0.50	0.60	0.53	0.61	0.33	0.75	0.80	NA	0.60	NA	0.75	NA	0.78	NA	1.00	0.60	0.44	0.80	0.87	0.67	0.88	0.33	NA	0.57	NA	NA	0.82	0.49	0.59	0.52	0.71	0.56	0.65	0.51	0.59	NA	0.83	NA	0.60	NA	0.67	0.50	0.50	0.67	0.67	NA	NA	NA	NA	0.46	0.67	0.50	1.00	0.54	0.63	0.56	0.67	0.56	0.33	0.67	0.50	NA	1.00	0.40	1.00	0.50	NA	0.90	0.48	0.60	0.69	0.60	0.50	0.40	0.50	0.50	0.75	1.00	0.80	0.67	1.00	0.50	0.60	0.45	0.49	0.62	0.55	NA	0.50	0.77	0.62	0.50	NA	0.67	0.60	0.33	NA	0.33	NA	0.80	0.36	0.67	1.00	0.67	0.67	0.50	1.00	NA	1.00	0.60	NA	NA	NA	NA	0.33
ran_100.txt	0.50	0.50	NA	0.67	0.50	0.56	0.60	0.64	NA	0.57	0.52	0.40	0.67	0.38	0.40	0.49	0.55	0.67	0.75	0.59	0.66	0.67	0.67	1.00	NA	0.75	1.00	0.60	0.50	0.38	NA	0.50	0.83	0.47	0.67	0.50	0.67	0.62	0.33	NA	0.43	NA	0.50	0.58	0.63	0.56	0.50	0.50	0.56	0.50	0.59	0.50	NA	0.60	NA	1.00	NA	0.75	0.67	1.00	0.67	0.50	NA	NA	NA	NA	0.62	0.45	NA	0.67	0.55	0.83	0.88	0.62	0.86	0.50	1.00	0.46	NA	0.75	0.60	0.50	0.67	NA	0.62	0.68	0.64	0.64	0.61	0.68	1.00	1.00	0.50	1.00	0.80	0.60	0.56	0.56	0.33	0.64	0.36	0.73	0.70	0.56	NA	0.50	0.53	0.50	0.50	0.50	1.00	0.75	0.75	NA	1.00	NA	0.78	0.80	0.57	0.33	0.44	0.67	0.50	1.00	NA	NA	0.40	NA	NA	NA	0.67	0.50
ran_11.txt	0.50	0.75	NA	1.00	0.83	0.67	0.62	0.57	NA	0.86	0.44	0.40	0.75	0.80	0.40	0.53	0.55	0.40	0.60	0.47	0.63	0.67	0.40	0.67	0.50	0.60	0.50	0.50	0.50	0.50	NA	0.50	0.60	0.43	0.67	0.82	0.83	0.45	0.60	NA	0.40	NA	1.00	0.50	0.64	0.55	0.81	0.50	0.56	0.43	0.56	0.45	NA	0.83	NA	0.40	NA	0.67	1.00	0.33	0.67	0.75	NA	NA	NA	NA	0.44	0.60	0.67	0.67	0.45	0.48	0.83	0.75	0.57	0.50	0.50	0.69	1.00	0.75	1.00	0.80	0.75	NA	0.57	0.64	0.54	0.53	0.67	0.64	0.60	0.33	0.50	0.40	0.67	0.50	0.60	0.75	0.62	0.66	0.55	0.47	0.50	0.60	NA	1.00	0.66	0.55	0.50	NA	0.33	0.67	0.60	NA	0.67	NA	0.38	0.50	0.88	0.50	0.43	0.50	0.70	NA	NA	0.50	0.75	NA	NA	NA	1.00	0.50
ran_12.txt	NA	0.50	NA	NA	0.57	0.78	0.62	0.53	NA	0.85	0.52	0.75	0.50	0.80	0.67	0.53	0.55	0.67	0.50	0.65	0.58	0.67	0.33	1.00	1.00	0.75	NA	0.50	NA	0.56	NA	0.50	0.60	0.45	0.75	0.60	0.57	0.56	0.67	NA	0.78	NA	0.50	0.44	0.56	0.58	0.75	0.50	0.59	0.57	0.56	0.44	NA	0.67	NA	0.40	NA	0.33	1.00	1.00	0.50	0.80	NA	NA	NA	NA	0.52	0.86	0.50	0.67	0.56	0.67	0.33	0.75	0.67	0.50	1.00	0.47	1.00	0.50	0.75	0.50	0.75	NA	0.55	0.43	0.63	0.71	0.56	0.58	0.60	0.40	NA	0.83	0.67	0.50	0.43	0.67	0.80	0.51	0.50	0.48	0.44	0.63	NA	0.75	0.46	0.68	0.33	0.50	0.67	0.50	0.60	NA	0.50	NA	0.67	0.64	0.36	1.00	0.64	0.33	0.44	NA	NA	0.50	0.40	NA	NA	NA	1.00	0.67
ran_13.txt	NA	0.75	NA	0.67	0.50	0.60	0.62	0.58	NA	0.45	0.61	0.80	0.75	0.71	0.50	0.58	0.59	0.67	0.50	0.41	0.50	0.33	0.60	0.60	NA	1.00	0.50	0.80	0.50	0.56	NA	0.67	0.67	0.44	0.33	0.58	0.44	0.67	0.67	NA	0.78	NA	1.00	0.70	0.53	0.61	0.43	0.67	0.57	0.81	0.49	0.71	NA	0.60	NA	0.75	NA	0.67	NA	1.00	1.00	0.75	NA	NA	NA	NA	0.70	0.50	0.67	NA	0.54	0.54	0.50	0.57	0.78	0.67	1.00	0.62	0.50	0.67	0.60	0.83	0.67	NA	0.50	0.50	0.61	0.46	0.79	0.55	0.20	0.60	0.40	0.75	0.40	0.33	0.57	0.33	0.50	0.54	0.50	0.58	0.55	0.58	NA	0.50	0.62	0.48	0.75	1.00	NA	0.75	0.67	NA	0.33	NA	0.83	0.62	0.50	0.67	0.60	1.00	0.50	0.67	NA	0.50	0.60	NA	NA	NA	0.67	0.60
ran_14.txt	NA	1.00	NA	0.33	0.71	0.70	0.49	0.44	NA	0.50	0.58	1.00	0.67	0.83	0.80	0.59	0.58	0.50	1.00	0.67	0.57	0.67	0.40	0.60	0.50	0.80	0.50	0.75	1.00	0.50	NA	1.00	0.83	0.84	0.50	0.58	0.88	0.60	0.50	NA	0.60	NA	NA	0.46	0.61	0.57	0.71	0.60	0.68	0.59	0.63	0.63	NA	0.67	NA	0.50	NA	0.25	0.67	0.80	1.00	0.60	NA	NA	NA	NA	0.52	0.75	1.00	1.00	0.61	0.50	0.43	0.50	0.80	0.67	NA	0.62	NA	0.75	0.75	0.50	0.33	NA	0.83	0.50	0.61	0.62	0.48	0.43	0.50	0.80	0.67	0.40	0.60	0.50	0.38	0.67	0.71	0.52	0.50	0.55	0.89	0.57	NA	0.33	0.52	0.74	0.50	1.00	0.67	1.00	0.40	NA	1.00	NA	0.75	0.73	0.45	0.50	0.67	1.00	0.92	1.00	NA	NA	0.60	NA	NA	NA	0.67	0.67
ran_15.txt	0.50	0.75	NA	1.00	0.71	0.50	0.53	0.71	NA	0.54	0.54	0.75	0.75	0.86	0.50	0.53	0.57	0.50	0.75	0.55	0.60	1.00	0.50	0.67	1.00	0.33	NA	0.33	0.50	0.62	NA	0.67	0.80	0.47	0.80	0.70	0.71	0.44	0.57	NA	0.78	NA	NA	0.53	0.58	0.60	0.60	0.57	0.62	0.55	0.66	0.67	NA	0.50	NA	0.60	NA	0.67	0.50	0.67	1.00	0.67	NA	NA	NA	NA	0.48	0.67	1.00	1.00	0.56	0.52	0.80	0.57	0.38	0.67	0.33	0.57	0.50	0.75	0.75	0.67	0.33	NA	0.58	0.79	0.55	0.45	0.48	0.58	1.00	0.33	0.33	0.67	0.80	0.40	0.43	0.67	0.83	0.65	0.36	0.55	0.67	0.50	NA	0.50	0.56	0.54	0.67	1.00	0.67	0.75	1.00	NA	1.00	NA	0.71	0.62	0.75	0.67	0.50	0.50	0.89	NA	NA	NA	0.50	NA	NA	NA	NA	1.00
ran_16.txt	1.00	0.67	NA	1.00	0.57	0.78	0.50	0.56	NA	0.36	0.50	0.75	0.67	0.67	0.75	0.56	0.55	0.60	1.00	0.62	0.50	0.67	0.80	0.75	NA	0.60	0.50	0.67	1.00	0.50	NA	0.67	0.60	0.56	0.50	0.68	0.62	0.82	0.80	NA	0.75	NA	NA	0.71	0.60	0.55	0.65	0.86	0.62	0.55	0.54	0.53	NA	1.00	NA	0.60	NA	1.00	1.00	0.50	0.50	0.40	NA	NA	NA	NA	0.65	0.70	0.67	1.00	0.52	0.56	0.71	0.70	0.78	1.00	NA	0.50	NA	1.00	0.75	0.75	1.00	NA	0.79	0.64	0.45	0.55	0.60	0.61	0.67	0.75	0.67	0.67	0.50	0.50	0.38	0.57	0.38	0.53	0.82	0.44	0.60	0.57	NA	0.50	0.35	0.57	1.00	NA	0.50	0.50	0.60	NA	0.67	NA	0.43	0.78	0.55	1.00	0.56	0.67	0.64	0.67	NA	0.50	0.75	NA	NA	NA	0.67	1.00
ran_17.txt	0.50	0.75	NA	1.00	0.67	0.57	0.55	0.50	NA	0.50	0.62	0.50	0.67	0.83	0.75	0.65	0.53	0.40	0.60	0.60	0.63	1.00	0.33	1.00	1.00	1.00	0.50	0.33	NA	0.56	NA	NA	1.00	0.57	0.60	0.63	0.86	0.43	0.50	NA	0.67	NA	NA	0.50	0.63	0.59	0.64	0.75	0.52	0.59	0.64	0.77	NA	0.67	NA	0.50	NA	1.00	0.67	0.40	1.00	1.00	NA	NA	NA	NA	0.50	0.56	0.67	0.50	0.57	0.36	0.38	0.57	0.67	1.00	NA	0.64	NA	0.50	0.50	0.40	0.67	NA	0.43	0.70	0.61	0.56	0.57	0.60	0.75	0.75	0.40	0.67	1.00	1.00	0.50	0.67	0.80	0.63	0.78	0.50	0.88	0.57	NA	0.33	0.71	0.62	1.00	NA	0.67	0.40	0.50	NA	0.50	NA	0.71	0.44	0.50	0.67	0.40	0.50	0.50	0.50	NA	NA	0.50	NA	NA	NA	0.33	0.50
ran_18.txt	0.50	0.67	NA	0.33	0.67	0.62	0.55	0.59	NA	0.69	0.56	0.80	0.33	0.50	0.75	0.64	0.58	0.83	0.60	0.68	0.53	0.50	0.80	0.40	NA	0.50	0.50	0.50	0.50	0.67	NA	0.67	0.57	0.62	0.80	0.56	0.43	0.88	0.60	NA	0.70	NA	NA	0.42	0.56	0.57	0.59	0.83	0.52	0.72	0.52	0.45	NA	0.50	NA	0.75	NA	0.33	0.50	0.60	NA	0.80	NA	NA	NA	NA	0.57	0.40	0.50	NA	0.58	0.58	0.78	0.44	0.40	1.00	0.67	0.55	NA	0.67	0.50	0.60	0.50	NA	0.64	0.48	0.54	0.54	0.60	0.66	0.75	0.60	0.75	0.60	0.50	0.75	0.43	0.86	0.57	0.59	0.50	0.71	0.43	0.62	NA	1.00	0.47	0.50	0.33	0.50	0.67	0.40	0.60	NA	1.00	NA	0.50	0.60	0.90	0.50	0.83	0.50	0.78	0.50	NA	1.00	0.80	NA	NA	NA	NA	0.50
ran_19.txt	1.00	0.75	NA	0.67	0.80	0.67	0.55	0.67	NA	0.62	0.75	0.40	0.50	0.38	0.67	0.56	0.57	0.50	0.40	0.50	0.64	1.00	0.50	0.40	NA	0.50	0.50	0.50	1.00	0.89	NA	0.33	0.50	0.53	0.71	0.47	0.57	0.90	0.67	NA	0.67	NA	1.00	0.50	0.53	0.65	0.58	0.57	0.54	0.53	0.49	0.65	NA	0.80	NA	0.75	NA	0.50	NA	0.33	0.67	0.80	NA	NA	NA	NA	0.52	0.57	1.00	0.67	0.59	0.64	0.71	0.75	0.60	NA	0.67	0.60	1.00	0.50	0.50	0.67	0.67	NA	0.36	0.52	0.62	0.53	0.59	0.62	NA	0.67	0.80	0.33	0.40	1.00	0.62	0.67	0.44	0.52	0.33	0.60	0.75	0.66	NA	0.50	0.56	0.68	0.67	NA	0.50	1.00	0.75	NA	1.00	NA	0.50	0.45	1.00	0.67	0.50	0.50	0.89	0.33	NA	0.50	0.40	NA	NA	NA	0.33	0.67
ran_2.txt	0.50	1.00	NA	1.00	0.50	0.78	0.60	0.59	NA	0.70	0.65	0.75	0.75	0.57	0.50	0.54	0.55	0.40	0.25	0.71	0.50	0.67	0.50	1.00	1.00	0.75	NA	0.40	NA	0.50	NA	0.67	0.80	0.44	0.60	0.47	0.33	0.75	0.60	NA	0.57	NA	NA	0.46	0.55	0.58	0.58	0.71	0.60	0.47	0.56	0.45	NA	0.50	NA	0.33	NA	1.00	1.00	0.75	1.00	0.60	NA	NA	NA	NA	0.73	0.56	0.50	1.00	0.55	0.61	0.60	0.50	0.67	0.50	1.00	0.67	1.00	0.50	0.50	0.60	0.67	NA	0.46	0.86	0.66	0.55	0.63	0.55	0.50	0.50	0.80	0.50	0.50	0.60	0.83	0.38	1.00	0.54	0.54	0.62	0.45	0.55	NA	0.50	0.61	0.67	1.00	1.00	1.00	0.60	0.60	NA	1.00	NA	0.60	0.62	0.45	0.67	0.60	0.67	0.80	1.00	NA	1.00	0.80	NA	NA	NA	1.00	0.83
ran_20.txt	NA	0.67	NA	0.50	0.67	0.50	0.55	0.51	NA	0.43	0.47	0.60	0.67	0.71	0.60	0.56	0.56	0.83	0.80	0.56	0.47	0.33	0.67	1.00	NA	0.75	0.50	0.80	NA	0.29	NA	0.50	0.75	0.62	0.80	0.60	0.29	0.40	0.80	NA	0.50	NA	0.50	0.47	0.50	0.50	0.57	0.80	0.65	0.50	0.57	0.68	NA	0.83	NA	0.40	NA	0.67	1.00	0.60	0.67	0.67	NA	NA	NA	NA	0.58	0.71	0.67	0.50	0.65	0.50	0.75	0.83	0.57	0.67	0.50	0.50	1.00	1.00	0.75	0.80	1.00	NA	0.42	0.50	0.52	0.65	0.70	0.64	0.75	1.00	0.80	0.60	0.80	1.00	0.88	0.62	0.38	0.59	0.80	0.58	0.60	0.49	NA	0.50	0.67	0.65	0.50	0.50	1.00	0.60	0.75	NA	1.00	NA	0.62	0.55	0.50	1.00	0.60	0.50	0.70	0.33	NA	0.50	0.67	NA	NA	NA	1.00	0.60
ran_21.txt	1.00	0.50	NA	1.00	0.43	0.78	0.62	0.75	NA	0.64	0.64	0.67	0.67	0.75	0.75	0.64	0.57	NA	0.50	0.60	0.42	0.67	1.00	0.50	1.00	0.75	NA	1.00	0.50	0.50	NA	0.50	0.57	0.62	0.60	0.65	0.57	0.71	0.60	NA	0.67	NA	1.00	0.38	0.64	0.56	0.70	0.40	0.53	0.58	0.58	0.60	NA	0.60	NA	0.60	NA	0.67	NA	1.00	1.00	0.80	NA	NA	NA	NA	0.52	0.67	0.67	0.67	0.50	0.47	0.50	0.44	0.62	1.00	NA	0.73	NA	0.67	0.33	0.83	1.00	NA	0.67	0.48	0.61	0.63	0.66	0.64	0.40	0.40	1.00	0.83	0.50	0.67	0.43	0.80	0.67	0.61	0.55	0.49	0.75	0.64	NA	0.50	0.76	0.54	1.00	0.50	0.67	1.00	1.00	NA	1.00	NA	0.80	0.70	0.70	0.50	0.80	0.33	0.44	1.00	NA	0.50	0.80	NA	NA	NA	0.67	0.67
ran_22.txt	0.50	0.67	NA	1.00	0.57	0.89	0.62	0.61	NA	0.75	0.54	0.40	0.75	0.88	0.50	0.56	0.57	0.67	0.80	0.47	0.66	0.67	1.00	0.60	0.50	0.50	NA	0.50	1.00	0.70	NA	1.00	0.83	0.44	0.50	0.58	0.44	0.70	0.60	NA	0.67	NA	1.00	0.62	0.59	0.62	0.68	0.60	0.57	0.62	0.60	0.55	NA	0.80	NA	0.60	NA	0.75	0.67	0.67	0.67	0.50	NA	NA	NA	NA	0.44	0.56	1.00	0.50	0.52	0.47	0.50	0.60	0.67	1.00	1.00	0.67	NA	1.00	0.40	0.40	0.33	NA	0.50	0.62	0.53	0.60	0.56	0.48	0.50	0.40	0.40	0.60	0.50	0.67	0.62	0.67	0.62	0.57	0.58	0.52	0.50	0.62	NA	0.75	0.55	0.56	0.67	NA	0.50	0.60	0.67	NA	1.00	NA	0.57	0.64	0.70	1.00	0.50	1.00	0.64	0.67	NA	0.50	0.80	NA	NA	NA	0.67	0.50
ran_23.txt	0.50	0.75	NA	NA	0.83	0.50	0.54	0.51	NA	0.77	0.59	0.60	1.00	0.86	0.67	0.61	0.54	0.80	0.60	0.67	0.57	0.33	0.50	0.75	NA	0.50	0.50	0.75	0.50	0.64	NA	1.00	0.83	0.57	0.60	0.86	0.50	0.50	0.60	NA	0.43	NA	NA	0.57	0.54	0.62	0.57	0.67	0.63	0.54	0.61	0.76	NA	0.50	NA	0.83	NA	0.67	1.00	0.33	0.50	0.75	NA	NA	NA	NA	0.58	0.50	0.50	0.50	0.60	0.54	0.60	0.50	0.50	0.50	0.50	0.62	NA	0.50	0.50	1.00	1.00	NA	0.75	0.54	0.66	0.46	0.53	0.57	0.50	0.60	1.00	0.80	0.80	0.50	0.71	0.60	0.44	0.60	0.73	0.66	0.30	0.58	NA	0.75	0.57	0.65	0.75	0.50	1.00	0.67	0.80	NA	0.50	NA	0.50	0.67	0.82	0.67	0.40	1.00	0.62	1.00	NA	NA	0.50	NA	NA	NA	0.67	0.60
ran_24.txt	1.00	1.00	NA	1.00	0.50	0.57	0.47	0.51	NA	0.46	0.61	1.00	0.67	0.50	0.50	0.62	0.58	0.50	0.75	0.50	0.56	0.33	0.60	0.75	NA	0.40	1.00	1.00	1.00	0.36	NA	1.00	0.60	0.62	0.60	0.52	0.86	0.33	0.50	NA	0.78	NA	NA	0.79	0.53	0.65	0.43	0.71	0.64	0.47	0.52	0.59	NA	1.00	NA	0.67	NA	0.50	0.67	0.75	0.33	0.60	NA	NA	NA	NA	0.35	0.44	0.67	0.67	0.59	0.54	0.89	0.56	0.50	NA	1.00	0.64	NA	0.67	0.67	0.67	1.00	NA	0.42	0.61	0.53	0.51	0.84	0.62	0.67	0.80	0.60	0.80	1.00	0.60	0.50	0.44	0.62	0.56	0.45	0.50	0.57	0.53	NA	0.50	0.52	0.64	0.50	NA	0.50	1.00	0.75	NA	0.67	NA	0.86	0.70	0.36	1.00	0.56	1.00	0.50	0.50	NA	1.00	0.50	NA	NA	NA	0.67	0.20
ran_25.txt	NA	1.00	NA	0.67	0.80	0.50	0.50	0.59	NA	0.50	0.52	0.80	0.75	0.50	0.50	0.55	0.54	0.60	0.75	0.57	0.53	0.67	0.60	0.67	NA	0.40	0.50	0.75	1.00	0.73	NA	1.00	0.40	0.47	0.75	0.43	0.86	0.57	0.67	NA	0.67	NA	1.00	0.64	0.54	0.56	0.57	0.33	0.58	0.42	0.49	0.47	NA	0.60	NA	0.40	NA	0.67	0.67	0.80	0.33	0.60	NA	NA	NA	NA	0.58	0.60	1.00	NA	0.61	0.60	0.57	0.67	0.60	1.00	1.00	0.54	NA	0.50	0.33	0.50	0.50	NA	0.78	0.59	0.64	0.64	0.52	0.56	0.67	0.67	0.40	0.67	0.50	0.75	0.50	0.43	0.62	0.62	0.50	0.60	0.80	0.64	NA	1.00	0.61	0.65	0.50	1.00	NA	0.80	0.75	NA	0.50	NA	0.50	0.50	0.73	0.67	0.82	1.00	0.67	0.67	NA	NA	0.60	NA	NA	NA	1.00	0.83
ran_26.txt	0.50	0.33	NA	0.67	0.57	0.67	0.60	0.57	NA	0.80	0.61	0.50	1.00	0.75	0.50	0.63	0.53	0.40	0.80	0.63	0.63	0.67	0.83	0.80	0.50	0.67	NA	0.40	1.00	0.42	NA	0.50	1.00	0.56	0.33	0.67	0.62	0.55	0.50	NA	0.80	NA	0.50	0.64	0.58	0.53	0.60	0.50	0.53	0.62	0.57	0.53	NA	0.60	NA	0.67	NA	0.50	0.50	0.60	0.50	0.40	NA	NA	NA	NA	0.57	0.60	0.67	NA	0.49	0.45	0.50	0.71	0.56	0.67	0.50	0.71	NA	0.67	0.80	0.40	0.67	NA	0.77	0.57	0.55	0.64	0.52	0.48	0.40	0.80	0.50	0.80	0.75	0.50	0.67	0.75	0.86	0.58	0.82	0.66	0.50	0.65	NA	0.67	0.54	0.65	1.00	NA	NA	0.67	0.60	NA	0.50	NA	0.50	0.55	0.67	1.00	0.70	0.50	0.56	0.67	NA	1.00	0.50	NA	NA	NA	0.50	0.67
ran_27.txt	1.00	1.00	NA	0.50	0.50	0.38	0.64	0.59	NA	0.71	0.58	0.67	1.00	0.38	0.80	0.60	0.57	0.50	0.50	0.58	0.65	0.67	0.75	0.80	0.50	0.80	NA	1.00	0.50	0.44	NA	1.00	0.75	0.57	0.60	0.75	0.78	0.50	0.75	NA	0.71	NA	1.00	0.75	0.49	0.56	0.64	1.00	0.61	0.60	0.52	0.47	NA	0.60	NA	0.40	NA	0.67	0.50	0.80	0.67	0.75	NA	NA	NA	NA	0.71	0.40	1.00	0.50	0.57	0.52	0.62	0.78	0.62	1.00	0.67	0.67	0.50	0.50	0.60	0.67	1.00	NA	0.50	0.48	0.51	0.53	0.58	0.58	0.50	0.75	0.67	0.67	0.40	0.67	0.44	0.57	0.83	0.47	0.67	0.64	0.88	0.53	NA	0.67	0.60	0.60	1.00	1.00	NA	0.60	0.60	NA	NA	NA	0.60	0.56	0.44	NA	0.67	0.67	0.56	0.67	NA	NA	1.00	NA	NA	NA	0.67	1.00
ran_28.txt	1.00	0.67	NA	0.50	0.83	0.56	0.63	0.56	NA	0.54	0.81	0.25	0.75	0.60	0.75	0.57	0.57	0.60	0.50	0.53	0.53	0.33	0.50	0.80	NA	0.75	NA	0.33	1.00	0.80	NA	1.00	0.50	0.44	0.71	0.41	0.60	0.78	1.00	NA	0.56	NA	NA	0.75	0.49	0.57	0.50	0.75	0.62	0.50	0.59	0.64	NA	0.50	NA	0.60	NA	0.50	0.50	0.40	NA	1.00	NA	NA	NA	NA	0.50	0.88	0.33	1.00	0.65	0.47	0.43	0.62	0.71	0.67	0.33	0.64	0.50	0.75	0.40	0.50	0.33	NA	0.45	0.42	0.42	0.40	0.57	0.48	0.60	0.50	0.80	0.50	0.50	1.00	0.86	0.71	0.57	0.55	0.45	0.56	0.40	0.63	NA	0.33	0.77	0.52	1.00	0.50	1.00	0.25	0.75	NA	NA	NA	0.86	0.45	0.78	0.67	0.75	0.67	0.50	0.50	NA	NA	0.50	NA	NA	NA	0.67	0.67
ran_29.txt	NA	NA	NA	NA	0.50	0.56	0.49	0.53	NA	0.60	0.52	0.75	0.50	0.71	0.67	0.62	0.55	0.67	0.50	0.67	0.68	0.67	0.50	0.60	0.50	0.60	1.00	0.50	1.00	0.33	NA	NA	0.67	0.67	0.71	0.63	0.67	0.50	0.60	NA	0.75	NA	0.50	0.91	0.54	0.55	0.67	0.50	0.66	0.57	0.44	0.65	NA	1.00	NA	0.67	NA	0.75	0.67	1.00	1.00	0.67	NA	NA	NA	NA	0.48	0.44	0.67	0.50	0.47	0.57	0.33	0.56	0.50	0.33	0.50	0.64	1.00	0.75	0.83	0.50	0.67	NA	0.58	0.59	0.41	0.54	0.59	0.39	1.00	0.80	0.60	0.75	0.60	0.60	0.56	0.75	0.60	0.53	0.50	0.50	0.78	0.56	NA	1.00	0.52	0.57	0.50	0.50	1.00	0.60	0.40	NA	1.00	NA	0.56	0.60	0.67	1.00	0.64	0.67	0.38	0.67	NA	0.50	1.00	NA	NA	NA	0.67	0.67
ran_3.txt	1.00	0.67	NA	0.67	0.57	0.67	0.59	0.48	NA	0.75	0.74	0.40	0.50	0.57	1.00	0.51	0.56	0.40	0.50	0.67	0.57	1.00	0.60	1.00	1.00	0.60	0.50	0.40	NA	0.70	NA	0.67	0.71	0.67	0.60	0.53	0.43	0.62	0.50	NA	0.50	NA	1.00	0.46	0.64	0.55	0.45	1.00	0.49	0.67	0.63	0.48	NA	0.50	NA	0.60	NA	0.75	0.67	0.50	0.50	0.50	NA	NA	NA	NA	0.60	0.73	1.00	0.50	0.47	0.60	0.43	0.67	0.70	0.67	0.50	0.45	NA	0.50	0.50	0.50	0.50	NA	0.60	0.60	0.55	0.54	0.67	0.50	0.60	0.75	0.67	1.00	0.60	0.40	0.62	0.44	0.33	0.69	0.67	0.79	0.60	0.53	NA	0.50	0.46	0.38	0.50	0.50	1.00	0.50	1.00	NA	0.50	NA	0.71	0.67	1.00	0.67	0.60	1.00	0.60	NA	NA	0.50	0.50	NA	NA	NA	1.00	0.60
ran_30.txt	NA	0.50	NA	0.67	0.86	0.50	0.56	0.63	NA	0.55	0.56	0.33	1.00	0.57	0.75	0.50	0.54	0.40	0.80	0.48	0.53	0.67	0.83	1.00	0.50	1.00	0.50	0.67	1.00	0.45	NA	1.00	0.43	0.78	1.00	0.52	1.00	0.44	0.71	NA	0.70	NA	0.50	0.54	0.58	0.60	0.45	0.50	0.66	0.53	0.57	0.52	NA	0.40	NA	0.50	NA	0.50	0.33	1.00	0.50	0.80	NA	NA	NA	NA	0.58	0.43	0.67	1.00	0.52	0.58	0.43	0.44	0.78	0.33	1.00	0.77	NA	0.50	0.75	0.60	0.67	NA	0.55	0.60	0.64	0.60	0.46	0.50	0.67	0.40	0.80	0.50	0.60	0.50	0.50	0.71	0.62	0.58	0.57	0.61	0.56	0.62	NA	0.50	0.48	0.58	0.75	NA	NA	0.80	0.67	NA	0.50	NA	0.83	0.50	0.80	0.67	0.50	1.00	0.67	1.00	NA	1.00	0.80	NA	NA	NA	0.50	0.50
ran_31.txt	NA	0.50	NA	1.00	0.50	0.88	0.53	0.60	NA	0.64	0.53	0.50	0.50	0.43	0.40	0.51	0.61	0.60	0.67	0.53	0.58	1.00	0.40	0.40	NA	0.33	0.50	0.60	0.50	0.60	NA	NA	0.40	0.53	0.50	0.70	0.62	0.50	0.50	NA	0.50	NA	0.50	0.54	0.63	0.61	0.40	0.50	0.49	0.68	0.65	0.65	NA	1.00	NA	0.50	NA	0.50	0.67	0.80	0.50	0.80	NA	NA	NA	NA	0.45	0.75	0.50	0.50	0.60	0.67	0.57	0.57	0.40	0.67	1.00	0.58	0.50	0.50	0.80	0.80	0.50	NA	0.64	0.52	0.62	0.65	0.46	0.59	1.00	0.50	0.60	0.60	1.00	0.60	0.62	0.50	0.56	0.55	0.33	0.52	0.40	0.67	NA	1.00	0.57	0.65	0.75	NA	1.00	0.67	0.75	NA	0.50	NA	0.83	1.00	0.50	0.50	0.75	1.00	0.60	0.50	NA	NA	0.50	NA	NA	NA	0.67	0.50
ran_32.txt	1.00	0.67	NA	0.50	0.40	0.67	0.64	0.58	NA	0.43	0.61	0.40	1.00	0.83	0.75	0.61	0.57	0.75	0.60	0.63	0.47	0.67	0.67	0.80	1.00	0.80	0.50	0.75	1.00	0.70	NA	0.67	0.67	0.65	0.67	0.62	1.00	0.70	0.50	NA	0.57	NA	0.50	0.62	0.61	0.56	0.42	0.80	0.61	0.50	0.56	0.44	NA	1.00	NA	0.75	NA	0.75	NA	0.67	0.50	1.00	NA	NA	NA	NA	0.44	0.67	0.33	0.67	0.58	0.62	0.62	0.83	0.56	0.67	1.00	0.64	NA	0.67	0.60	0.40	0.50	NA	0.70	0.50	0.55	0.51	0.48	0.48	0.80	0.80	0.75	0.50	0.80	0.83	0.57	0.88	0.60	0.64	0.50	0.51	0.38	0.55	NA	0.67	0.46	0.42	0.25	0.50	NA	0.60	0.50	NA	0.67	NA	0.56	0.62	0.73	0.67	0.58	0.67	0.50	0.67	NA	1.00	0.67	NA	NA	NA	0.67	0.60
ran_33.txt	0.50	0.33	NA	0.67	0.57	0.62	0.52	0.60	NA	0.31	0.46	0.40	0.50	0.60	0.50	0.54	0.55	0.83	1.00	0.61	0.59	0.67	0.50	0.40	NA	1.00	1.00	0.50	NA	0.70	NA	NA	0.40	0.57	0.80	0.62	0.50	0.67	0.71	NA	0.67	NA	1.00	0.53	0.42	0.50	0.46	0.86	0.55	0.56	0.54	0.38	NA	0.60	NA	0.80	NA	1.00	0.50	0.50	0.67	0.50	NA	NA	NA	NA	0.57	0.70	0.67	1.00	0.57	0.65	0.86	0.62	0.43	0.50	1.00	0.54	NA	0.50	0.60	0.75	1.00	NA	0.55	0.74	0.59	0.49	0.54	0.64	0.50	0.25	0.83	0.67	0.40	0.83	0.71	0.86	0.56	0.69	0.38	0.48	0.78	0.68	NA	0.67	0.50	0.86	0.67	0.50	0.67	0.75	0.67	NA	0.67	NA	0.50	0.83	0.44	0.67	0.78	0.67	0.44	0.67	NA	NA	0.50	NA	NA	NA	NA	1.00
ran_34.txt	NA	0.67	NA	0.67	0.71	0.50	0.61	0.55	NA	0.62	0.61	0.50	0.67	0.50	0.50	0.55	0.55	0.80	0.67	0.43	0.67	0.50	0.67	0.75	NA	0.75	1.00	0.33	1.00	0.45	NA	0.67	0.33	0.39	0.60	0.52	0.71	0.50	1.00	NA	0.71	NA	NA	0.62	0.53	0.49	0.74	1.00	0.54	0.74	0.68	0.40	NA	1.00	NA	0.67	NA	0.50	NA	0.67	0.67	0.33	NA	NA	NA	NA	0.55	0.57	1.00	1.00	0.52	0.71	0.60	0.78	0.62	1.00	0.50	0.62	NA	0.67	0.67	0.50	0.75	NA	0.58	0.59	0.57	0.57	0.52	0.43	0.50	0.60	0.80	0.83	0.75	0.50	0.67	0.33	0.71	0.62	0.78	0.63	0.78	0.63	NA	0.33	0.61	0.50	0.75	NA	1.00	0.50	0.80	NA	0.67	NA	0.57	0.50	0.50	0.67	0.60	1.00	0.64	0.50	NA	NA	0.80	NA	NA	NA	1.00	0.80
ran_35.txt	NA	0.50	NA	NA	0.71	0.83	0.53	0.46	NA	0.45	0.50	0.67	0.67	0.60	0.75	0.55	0.55	0.50	0.80	0.71	0.59	1.00	1.00	0.75	NA	1.00	NA	0.50	0.50	0.91	NA	1.00	0.50	0.53	0.80	0.71	0.67	0.67	0.50	NA	0.62	NA	1.00	0.64	0.59	0.62	0.50	0.60	0.55	0.71	0.64	0.37	NA	0.33	NA	1.00	NA	0.67	1.00	1.00	0.67	0.50	NA	NA	NA	NA	0.52	0.67	0.67	0.33	0.70	0.48	0.62	0.56	0.56	0.67	0.67	0.45	NA	0.50	0.60	0.67	1.00	NA	0.62	0.65	0.56	0.62	0.66	0.68	0.25	0.60	0.80	0.33	0.50	0.67	0.43	0.33	0.80	0.53	0.45	0.46	0.70	0.47	NA	0.67	0.57	0.68	0.50	1.00	1.00	0.40	0.60	NA	0.33	NA	0.62	0.55	0.58	1.00	0.64	0.50	0.78	NA	NA	0.50	0.80	NA	NA	NA	0.67	0.83
ran_36.txt	NA	0.67	NA	0.50	0.86	0.71	0.62	0.55	NA	0.57	0.48	0.25	0.50	0.38	0.75	0.54	0.58	0.60	0.75	0.50	0.66	0.50	0.60	0.60	NA	0.60	NA	0.50	NA	0.45	NA	1.00	0.83	0.65	0.67	0.57	0.75	0.50	0.75	NA	0.60	NA	0.50	0.73	0.66	0.51	0.71	0.75	0.56	0.77	0.56	0.45	NA	0.83	NA	0.50	NA	1.00	0.67	0.75	0.67	0.60	NA	NA	NA	NA	0.68	0.50	1.00	1.00	0.57	0.46	0.75	0.50	0.78	0.67	1.00	0.67	1.00	0.75	0.50	0.60	0.33	NA	0.79	0.61	0.61	0.68	0.67	0.54	0.80	0.75	0.60	0.67	0.60	0.50	0.43	1.00	0.43	0.55	0.67	0.40	0.75	0.50	NA	0.67	0.72	0.60	1.00	NA	0.67	0.25	0.50	NA	1.00	NA	0.50	0.50	0.50	0.67	0.50	0.67	0.62	1.00	NA	1.00	0.80	NA	NA	NA	0.50	0.60
ran_37.txt	1.00	1.00	NA	0.67	0.50	0.67	0.62	0.63	NA	0.71	0.59	1.00	0.33	0.75	0.50	0.55	0.59	0.60	0.60	0.62	0.58	1.00	0.83	0.60	1.00	0.75	1.00	0.75	1.00	0.55	NA	0.67	0.40	0.59	0.67	0.58	0.67	0.67	0.43	NA	0.50	NA	1.00	0.64	0.61	0.57	0.44	1.00	0.54	0.53	0.54	0.44	NA	0.50	NA	0.60	NA	0.33	1.00	0.50	0.67	0.40	NA	NA	NA	NA	0.64	0.67	0.50	0.67	0.53	0.58	0.60	0.57	0.56	0.67	0.33	0.54	NA	0.67	0.40	0.50	0.67	NA	0.80	0.54	0.61	0.52	0.61	0.58	0.75	0.33	0.50	0.75	0.60	0.75	0.80	0.67	0.83	0.58	0.40	0.59	0.67	0.60	NA	1.00	0.62	0.69	0.50	1.00	1.00	0.60	0.80	NA	0.33	NA	0.50	0.75	0.44	1.00	0.60	0.50	0.40	1.00	NA	1.00	1.00	NA	NA	NA	1.00	0.80
ran_38.txt	NA	0.75	NA	0.67	0.50	0.60	0.55	0.44	NA	0.64	0.70	0.67	0.50	0.71	0.50	0.59	0.55	0.75	1.00	0.60	0.61	0.50	0.67	0.60	1.00	0.80	1.00	0.33	NA	0.75	NA	1.00	0.50	0.67	1.00	0.35	0.50	0.60	0.71	NA	0.38	NA	0.50	0.71	0.51	0.56	0.44	0.86	0.59	0.50	0.62	0.59	NA	0.80	NA	0.50	NA	0.75	0.67	0.60	0.50	0.67	NA	NA	NA	NA	0.50	0.67	0.33	0.67	0.59	0.48	0.88	1.00	0.57	1.00	1.00	0.50	1.00	1.00	0.60	0.33	0.50	NA	0.36	0.62	0.46	0.62	0.62	0.61	0.75	0.67	0.50	0.60	0.60	1.00	0.50	0.78	0.57	0.57	0.69	0.68	0.67	0.55	NA	0.50	0.50	0.53	0.50	0.50	0.67	0.80	0.80	NA	NA	NA	0.89	0.50	0.78	0.33	0.70	0.50	0.45	1.00	NA	NA	0.50	NA	NA	NA	1.00	0.80
ran_39.txt	1.00	0.50	NA	0.67	0.71	0.56	0.67	0.71	NA	0.73	0.77	0.67	0.75	0.57	0.75	0.56	0.59	0.50	0.67	0.56	0.49	0.50	1.00	0.75	NA	0.40	1.00	0.50	0.50	0.58	NA	0.67	0.60	0.50	1.00	0.61	0.86	0.75	0.67	NA	0.50	NA	NA	0.50	0.61	0.55	0.59	0.71	0.54	0.63	0.60	0.65	NA	0.60	NA	0.75	NA	0.67	0.50	0.50	0.67	0.33	NA	NA	NA	NA	0.56	0.67	0.50	0.67	0.56	0.50	0.75	0.50	0.43	0.50	0.67	0.70	0.50	0.50	0.67	0.40	0.75	NA	0.44	0.52	0.68	0.62	0.63	0.71	0.50	0.83	0.75	0.75	0.67	0.40	0.60	0.38	0.50	0.57	0.56	0.41	0.88	0.56	NA	0.67	0.41	0.68	0.75	NA	0.67	0.67	0.40	NA	1.00	NA	0.67	0.58	0.60	0.67	0.33	0.50	0.56	1.00	NA	NA	0.67	NA	NA	NA	1.00	0.60
ran_4.txt	0.50	0.75	NA	0.67	0.75	0.60	0.60	0.46	NA	0.67	0.57	0.40	0.75	0.50	0.50	0.63	0.54	0.83	0.80	0.62	0.53	1.00	0.40	0.75	NA	1.00	1.00	0.80	NA	0.67	NA	0.50	0.60	0.57	0.43	0.61	0.43	0.80	0.80	NA	0.67	NA	0.50	0.85	0.57	0.53	0.60	0.60	0.51	0.63	0.63	0.53	NA	0.67	NA	0.80	NA	1.00	0.50	0.80	0.67	0.40	NA	NA	NA	NA	0.64	0.50	0.67	1.00	0.56	0.52	0.43	0.67	0.78	NA	NA	0.54	NA	1.00	0.80	0.40	1.00	NA	0.71	0.63	0.57	0.53	0.68	0.48	0.60	0.40	0.50	0.60	0.60	0.50	0.50	0.75	0.57	0.67	1.00	0.59	0.38	0.58	NA	0.50	0.44	0.54	0.33	1.00	1.00	0.60	1.00	NA	1.00	NA	0.44	0.75	0.45	0.50	0.62	1.00	0.50	0.67	NA	1.00	0.50	NA	NA	NA	1.00	1.00
ran_40.txt	1.00	0.50	NA	1.00	0.86	0.40	0.54	0.69	NA	0.33	0.71	0.80	0.50	0.62	1.00	0.61	0.53	0.33	0.80	0.65	0.60	0.50	0.60	0.67	0.50	0.75	NA	0.60	NA	0.80	NA	NA	0.40	0.50	0.75	0.60	0.43	0.62	0.57	NA	0.86	NA	NA	0.60	0.51	0.64	0.68	0.60	0.52	0.65	0.47	0.55	NA	0.60	NA	0.50	NA	0.67	NA	0.67	0.50	1.00	NA	NA	NA	NA	0.64	0.73	NA	1.00	0.56	0.62	0.44	0.50	0.33	0.50	0.67	0.44	0.50	0.67	0.67	1.00	0.50	NA	0.82	0.68	0.56	0.54	0.64	0.50	0.50	0.67	0.67	0.80	0.83	0.60	0.50	0.50	0.71	0.58	0.44	0.69	0.44	0.56	NA	0.67	0.62	0.54	0.75	0.50	0.67	0.50	0.50	NA	0.67	NA	0.57	0.55	0.50	1.00	0.70	0.67	0.55	1.00	NA	0.50	0.50	NA	NA	NA	0.67	0.75
ran_41.txt	NA	NA	NA	0.50	0.50	0.57	0.51	0.58	NA	0.64	0.60	0.75	0.75	0.50	0.60	0.47	0.53	0.80	0.60	0.55	0.60	0.67	0.60	0.80	0.50	0.50	0.50	0.50	1.00	0.90	NA	0.50	0.71	0.60	0.67	0.59	0.33	0.70	0.83	NA	0.43	NA	NA	0.85	0.56	0.54	0.52	0.67	0.44	0.71	0.51	0.75	NA	0.75	NA	0.60	NA	0.50	0.50	0.20	NA	0.75	NA	NA	NA	NA	0.46	0.56	1.00	0.50	0.65	0.57	0.67	0.62	0.62	0.67	1.00	0.80	1.00	1.00	1.00	0.50	0.33	NA	0.46	0.56	0.57	0.62	0.61	0.64	0.75	0.75	0.40	0.60	0.67	0.75	0.43	0.62	0.50	0.49	0.75	0.57	0.56	0.55	NA	0.33	0.58	0.65	0.67	1.00	1.00	0.80	1.00	NA	1.00	NA	0.44	0.40	0.44	0.67	0.50	0.67	0.56	1.00	NA	1.00	0.80	NA	NA	NA	0.67	0.60
ran_42.txt	1.00	1.00	NA	0.67	0.57	0.71	0.65	0.57	NA	0.73	0.73	1.00	0.67	0.62	0.60	0.60	0.57	0.83	1.00	0.43	0.54	0.33	0.33	0.50	NA	0.40	NA	0.60	1.00	0.55	NA	0.50	0.43	0.48	0.80	0.45	0.88	0.78	0.60	NA	0.67	NA	NA	0.80	0.47	0.60	0.48	0.57	0.55	0.68	0.55	0.50	NA	0.83	NA	0.50	NA	0.50	1.00	0.75	1.00	0.67	NA	NA	NA	NA	0.59	0.70	0.67	1.00	0.52	0.36	0.86	0.57	0.50	1.00	1.00	0.46	0.50	0.33	0.75	0.60	0.75	NA	0.50	0.52	0.56	0.46	0.59	0.67	0.67	0.40	0.50	0.67	0.60	0.50	0.88	0.57	0.40	0.61	0.73	0.59	0.33	0.69	NA	1.00	0.54	0.50	0.67	1.00	NA	0.50	0.50	NA	0.50	NA	0.89	0.56	0.64	0.67	0.78	1.00	0.45	0.33	NA	1.00	0.60	NA	NA	NA	1.00	0.75
ran_43.txt	1.00	0.75	NA	NA	0.57	0.44	0.58	0.65	NA	0.83	0.36	0.60	1.00	0.40	0.50	0.57	0.55	0.50	0.67	0.57	0.51	0.67	0.50	0.33	0.50	0.60	1.00	0.80	NA	0.64	NA	0.67	0.86	0.80	0.75	0.56	0.60	0.50	0.60	NA	0.62	NA	NA	0.58	0.57	0.54	0.54	0.71	0.51	0.56	0.52	0.77	NA	0.67	NA	1.00	NA	0.50	1.00	0.50	0.67	0.67	NA	NA	NA	NA	0.48	0.64	0.50	0.67	0.60	0.79	0.67	0.50	0.70	0.33	0.67	0.85	1.00	0.67	1.00	0.67	0.67	NA	0.64	0.67	0.62	0.56	0.69	0.62	0.25	0.80	0.60	0.75	0.83	0.50	0.83	0.67	0.62	0.58	0.55	0.57	0.60	0.60	NA	1.00	0.69	0.63	1.00	NA	NA	0.80	0.60	NA	0.50	NA	0.62	0.62	0.70	0.50	0.50	0.67	0.75	NA	NA	0.50	0.67	NA	NA	NA	0.50	0.50
ran_44.txt	0.50	0.75	NA	1.00	0.88	0.43	0.53	0.56	NA	0.57	0.58	1.00	0.67	0.86	0.80	0.64	0.54	0.50	0.33	0.61	0.59	0.67	0.80	0.75	0.50	1.00	NA	0.60	1.00	0.60	NA	1.00	0.60	0.52	0.60	0.48	0.56	0.50	1.00	NA	0.67	NA	1.00	0.55	0.64	0.61	0.48	0.75	0.58	0.61	0.52	0.40	NA	0.40	NA	0.40	NA	0.50	0.50	0.80	1.00	0.67	NA	NA	NA	NA	0.57	0.60	0.67	0.67	0.56	0.48	0.62	0.71	0.57	1.00	1.00	0.57	0.50	0.75	0.60	0.60	0.50	NA	0.50	0.39	0.59	0.61	0.50	0.48	0.67	0.67	0.75	0.60	0.60	0.67	0.43	0.62	0.67	0.52	0.64	0.54	0.56	0.41	NA	0.75	0.54	0.58	1.00	0.50	0.67	1.00	0.80	NA	NA	NA	0.43	0.56	0.60	0.67	0.71	0.50	0.33	0.67	NA	1.00	0.50	NA	NA	NA	1.00	0.83
ran_45.txt	0.50	1.00	NA	0.67	0.71	0.78	0.57	0.56	NA	0.54	0.54	0.75	1.00	0.75	0.67	0.57	0.51	0.50	0.60	0.58	0.75	1.00	0.50	0.60	0.50	1.00	1.00	0.67	0.50	0.70	NA	0.50	0.40	0.53	0.71	0.71	0.62	0.62	0.71	NA	0.67	NA	1.00	0.46	0.60	0.51	0.55	0.67	0.52	0.57	0.58	0.58	NA	0.60	NA	0.50	NA	0.33	0.67	0.50	1.00	0.80	NA	NA	NA	NA	0.59	0.50	0.33	0.67	0.53	0.57	0.71	0.88	0.89	0.67	1.00	0.69	NA	0.75	0.80	0.60	0.50	NA	0.71	0.57	0.55	0.65	0.59	0.54	0.67	0.50	0.83	0.83	0.33	0.40	0.50	0.60	0.75	0.51	0.60	0.59	0.55	0.66	NA	1.00	0.48	0.72	0.75	0.50	0.50	0.80	0.60	NA	1.00	NA	0.50	0.82	0.62	0.67	0.55	1.00	0.44	1.00	NA	0.50	0.50	NA	NA	NA	1.00	0.75
ran_46.txt	0.50	0.67	NA	1.00	0.86	0.78	0.53	0.60	NA	0.58	0.72	1.00	0.50	0.57	0.75	0.61	0.54	0.75	0.67	0.59	0.57	0.67	0.67	0.50	NA	0.75	1.00	1.00	0.50	0.71	NA	0.67	0.83	0.53	1.00	0.67	0.43	0.62	0.83	NA	0.43	NA	1.00	0.62	0.59	0.52	0.61	0.86	0.50	0.55	0.60	0.52	NA	0.60	NA	0.67	NA	0.67	0.67	NA	1.00	0.50	NA	NA	NA	NA	0.48	0.86	0.67	0.67	0.71	0.62	0.57	0.75	0.56	NA	1.00	0.58	1.00	0.50	1.00	0.67	1.00	NA	0.50	0.60	0.54	0.48	0.68	0.58	0.50	1.00	0.50	0.67	0.67	0.75	0.56	0.80	0.71	0.50	0.67	0.59	0.40	0.43	NA	1.00	0.72	0.59	0.75	0.50	NA	0.50	0.50	NA	1.00	NA	0.71	0.50	0.40	1.00	0.75	NA	0.45	1.00	NA	1.00	0.80	NA	NA	NA	1.00	0.83
ran_47.txt	NA	0.67	NA	NA	0.40	0.50	0.60	0.59	NA	0.67	0.54	0.60	0.67	0.60	1.00	0.64	0.59	0.75	0.67	0.45	0.67	0.67	0.67	1.00	1.00	0.67	0.50	0.50	1.00	0.88	NA	0.67	0.43	0.64	0.50	0.71	0.50	0.45	0.40	NA	0.44	NA	1.00	0.54	0.56	0.57	0.57	0.80	0.54	0.56	0.60	0.56	NA	0.40	NA	0.40	NA	1.00	0.67	0.25	0.67	0.60	NA	NA	NA	NA	0.57	0.70	0.67	1.00	0.57	0.68	0.71	0.57	0.50	0.67	0.50	0.50	NA	0.75	0.80	0.50	0.33	NA	0.69	0.59	0.60	0.50	0.68	0.79	0.60	0.50	0.75	0.60	0.67	0.60	0.50	0.50	0.57	0.53	0.60	0.39	0.55	0.50	NA	0.75	0.54	0.61	0.50	NA	0.67	0.33	0.50	NA	1.00	NA	0.89	0.70	0.44	0.67	0.56	0.33	0.73	1.00	NA	NA	0.80	NA	NA	NA	1.00	0.75
ran_48.txt	1.00	0.50	NA	0.67	0.40	0.50	0.58	0.54	NA	0.64	0.52	0.80	0.50	0.71	0.75	0.57	0.57	0.50	0.50	0.65	0.57	0.50	0.83	0.50	0.50	0.75	1.00	0.50	NA	0.50	NA	0.67	0.71	0.45	0.67	0.53	0.62	0.56	0.80	NA	0.78	NA	0.50	0.67	0.69	0.58	0.86	0.67	0.51	0.48	0.59	0.38	NA	0.80	NA	0.60	NA	0.67	1.00	0.25	1.00	0.40	NA	NA	NA	NA	0.42	0.44	1.00	0.50	0.60	0.77	0.60	0.38	0.62	1.00	NA	0.64	1.00	0.67	0.67	0.75	0.67	NA	0.64	0.48	0.60	0.55	0.69	0.67	0.67	0.60	0.60	0.33	0.80	0.50	0.88	0.56	0.67	0.64	0.71	0.61	0.70	0.66	NA	0.25	0.65	0.61	0.50	NA	0.67	0.40	0.50	NA	NA	NA	0.71	1.00	0.58	0.67	0.78	1.00	0.62	0.67	NA	1.00	0.80	NA	NA	NA	0.67	0.50
ran_49.txt	1.00	0.50	NA	NA	0.67	0.56	0.64	0.54	NA	0.85	0.55	1.00	0.67	0.67	1.00	0.58	0.56	1.00	0.40	0.50	0.54	NA	0.60	0.33	NA	1.00	1.00	0.67	0.50	0.55	NA	NA	0.67	0.59	0.43	0.42	0.50	0.80	1.00	NA	0.38	NA	1.00	0.57	0.56	0.59	0.56	0.50	0.58	0.43	0.60	0.61	NA	0.40	NA	0.40	NA	0.33	NA	0.33	1.00	0.67	NA	NA	NA	NA	0.75	0.60	1.00	1.00	0.58	0.66	0.71	0.71	0.60	0.33	1.00	0.54	0.50	0.50	0.50	0.75	0.67	NA	0.64	0.58	0.55	0.54	0.50	0.71	0.40	0.67	0.80	0.60	0.60	0.50	0.71	0.62	0.50	0.60	0.60	0.69	0.78	0.69	NA	1.00	0.48	0.39	0.75	1.00	1.00	0.80	0.50	NA	0.50	NA	0.71	0.44	0.67	1.00	0.82	NA	0.60	0.67	NA	NA	0.67	NA	NA	NA	0.67	0.75
ran_5.txt	1.00	0.75	NA	NA	0.71	0.67	0.50	0.49	NA	0.46	0.67	0.75	0.50	1.00	0.50	0.55	0.56	0.60	0.80	0.45	0.56	1.00	0.67	0.67	NA	0.75	1.00	1.00	0.50	0.50	NA	NA	0.83	0.63	0.86	0.50	0.67	0.45	0.75	NA	0.62	NA	1.00	0.55	0.65	0.49	0.50	0.60	0.52	0.62	0.59	0.58	NA	0.67	NA	0.50	NA	1.00	1.00	0.80	0.67	1.00	NA	NA	NA	NA	0.58	0.55	0.67	1.00	0.58	0.58	0.50	0.60	0.33	0.50	0.67	0.50	0.50	1.00	0.67	0.33	0.75	NA	0.70	0.57	0.59	0.56	0.53	0.50	0.80	0.75	0.75	0.60	0.67	0.40	0.50	0.67	0.38	0.68	0.58	0.49	0.73	0.49	NA	1.00	0.45	0.69	1.00	0.50	0.67	0.67	0.80	NA	1.00	NA	0.75	0.67	0.55	1.00	0.82	0.67	0.70	1.00	NA	1.00	0.50	NA	NA	NA	0.67	0.80
ran_50.txt	NA	0.67	NA	0.67	0.43	0.57	0.52	0.52	NA	0.62	0.48	0.67	0.67	0.38	1.00	0.60	0.57	1.00	0.40	0.59	0.59	0.50	1.00	0.75	1.00	1.00	1.00	0.60	0.50	0.89	NA	1.00	0.50	0.56	0.60	0.64	0.50	0.88	1.00	NA	0.71	NA	NA	0.71	0.66	0.53	0.43	0.33	0.64	0.40	0.58	0.59	NA	1.00	NA	0.67	NA	0.67	0.33	0.67	0.33	0.50	NA	NA	NA	NA	0.45	0.67	0.67	0.33	0.47	0.55	0.57	0.50	0.62	0.67	0.33	0.83	0.50	1.00	0.50	0.40	0.75	NA	0.50	0.73	0.54	0.61	0.68	0.44	0.75	0.67	0.60	0.50	0.83	0.75	0.78	0.71	0.86	0.68	0.55	0.71	0.73	0.60	NA	0.67	0.52	0.61	0.50	NA	0.67	0.67	0.67	NA	0.67	NA	0.50	0.80	0.67	0.50	0.62	0.67	0.40	0.50	NA	0.50	0.83	NA	NA	NA	1.00	1.00
ran_51.txt	1.00	0.67	NA	0.50	0.50	0.56	0.61	0.56	NA	0.64	0.68	0.67	1.00	0.50	0.80	0.57	0.58	0.75	0.67	0.50	0.59	0.67	0.50	0.60	NA	1.00	NA	0.60	0.50	0.50	NA	0.67	0.60	0.57	0.33	0.45	0.50	0.67	0.50	NA	0.78	NA	1.00	0.71	0.60	0.55	0.52	0.50	0.63	0.55	0.55	0.67	NA	0.67	NA	0.50	NA	0.50	NA	0.50	0.33	1.00	NA	NA	NA	NA	0.50	0.57	1.00	0.67	0.59	0.62	0.78	0.44	0.60	0.50	0.67	0.55	NA	0.75	0.50	0.60	0.50	NA	0.67	0.69	0.62	0.64	0.63	0.56	0.60	0.80	0.60	0.60	0.60	0.75	0.57	0.50	0.67	0.44	0.69	0.54	0.60	0.70	NA	0.67	0.52	0.68	0.75	0.50	0.50	1.00	0.75	NA	0.50	NA	0.88	0.44	0.60	1.00	0.67	0.67	0.57	1.00	NA	0.50	0.40	NA	NA	NA	0.50	0.40
ran_52.txt	0.50	0.50	NA	NA	0.71	0.57	0.49	0.65	NA	0.67	0.77	0.75	0.67	0.86	0.67	0.65	0.59	0.40	0.80	0.44	0.58	0.67	0.50	0.75	0.50	0.75	0.50	1.00	NA	0.64	NA	0.33	0.67	0.59	0.57	0.47	0.71	0.50	0.50	NA	0.62	NA	0.50	0.58	0.55	0.51	0.57	0.40	0.60	0.41	0.53	0.53	NA	0.50	NA	0.80	NA	0.50	1.00	1.00	0.67	0.33	NA	NA	NA	NA	0.68	0.71	1.00	0.50	0.64	0.34	0.44	0.60	0.89	0.67	1.00	0.42	NA	0.67	0.75	0.67	0.50	NA	0.75	0.58	0.63	0.57	0.69	0.48	0.67	0.60	0.80	0.33	0.83	0.50	0.33	0.83	0.43	0.59	0.55	0.62	0.40	0.73	NA	0.67	0.48	0.54	1.00	0.50	0.67	0.80	0.67	NA	1.00	NA	0.60	0.50	0.75	1.00	0.67	0.50	0.45	0.50	NA	1.00	0.33	NA	NA	NA	0.67	0.75
ran_53.txt	NA	1.00	NA	NA	0.62	0.86	0.50	0.56	NA	0.57	0.73	0.40	0.67	0.50	0.50	0.61	0.54	1.00	0.40	0.65	0.57	0.33	0.83	0.50	NA	1.00	0.50	0.50	1.00	0.67	NA	1.00	0.67	0.64	0.60	0.70	0.75	0.60	0.71	NA	0.56	NA	0.50	0.40	0.55	0.56	0.59	0.67	0.52	0.62	0.62	0.35	NA	0.75	NA	0.40	NA	0.67	0.50	0.67	0.67	0.75	NA	NA	NA	NA	0.58	0.62	NA	0.67	0.53	0.44	0.71	0.56	0.67	NA	0.50	0.67	0.50	0.75	0.50	0.50	0.33	NA	0.77	0.46	0.65	0.51	0.52	0.52	0.75	0.40	0.67	0.80	0.50	1.00	1.00	0.67	0.67	0.51	0.70	0.72	0.33	0.56	NA	1.00	0.58	0.76	0.75	0.50	0.50	0.40	1.00	NA	1.00	NA	0.71	0.56	0.33	0.67	0.64	0.50	0.60	0.50	NA	NA	0.40	NA	NA	NA	NA	0.50
ran_54.txt	1.00	1.00	NA	1.00	0.60	0.57	0.52	0.64	NA	0.50	0.55	0.75	0.75	0.20	0.50	0.63	0.57	0.60	0.75	0.44	0.64	0.67	1.00	0.50	1.00	0.60	0.50	0.60	1.00	0.64	NA	0.67	0.71	0.64	0.75	0.40	0.83	0.43	0.83	NA	0.88	NA	0.50	0.42	0.55	0.58	0.59	0.75	0.60	0.64	0.50	0.59	NA	0.60	NA	0.67	NA	0.75	1.00	0.75	0.50	0.67	NA	NA	NA	NA	0.67	0.57	0.50	1.00	0.55	0.78	0.78	0.50	0.71	0.50	0.67	0.58	1.00	0.67	0.50	0.50	0.67	NA	0.46	0.60	0.59	0.66	0.52	0.62	0.40	0.50	0.60	0.50	0.40	0.67	0.33	0.50	0.50	0.53	0.33	0.63	0.50	0.45	NA	0.75	0.68	0.59	1.00	NA	NA	0.40	0.50	NA	0.67	NA	0.62	0.78	0.91	0.67	0.80	NA	0.67	0.67	NA	NA	0.50	NA	NA	NA	1.00	0.67
ran_55.txt	1.00	0.50	NA	0.67	0.86	0.56	0.60	0.62	NA	0.70	0.67	0.50	0.75	0.71	0.50	0.51	0.57	0.33	1.00	0.59	0.53	0.50	0.75	0.60	1.00	0.50	0.50	0.75	NA	0.73	NA	1.00	1.00	0.56	0.43	0.57	0.40	0.33	0.40	NA	0.67	NA	0.50	0.60	0.61	0.52	0.48	0.83	0.52	0.58	0.53	0.67	NA	0.40	NA	1.00	NA	0.75	0.33	0.60	1.00	1.00	NA	NA	NA	NA	0.71	0.71	1.00	1.00	0.57	0.60	0.62	0.44	0.80	0.50	0.67	0.58	1.00	1.00	0.80	0.67	0.75	NA	0.83	0.50	0.59	0.66	0.67	0.61	0.60	0.60	0.80	0.75	1.00	0.67	0.57	0.57	0.44	0.52	0.86	0.59	0.38	0.51	NA	0.67	0.52	0.50	1.00	0.50	1.00	0.67	0.80	NA	1.00	NA	0.50	0.70	0.64	0.67	0.56	0.67	0.45	1.00	NA	1.00	0.80	NA	NA	NA	0.50	0.50
ran_56.txt	0.50	0.33	NA	1.00	0.33	0.83	0.61	0.58	NA	0.31	0.52	0.80	0.75	0.71	0.75	0.50	0.55	1.00	0.75	0.68	0.53	0.67	0.67	0.75	NA	0.67	0.50	0.75	0.50	0.56	NA	0.67	0.67	0.38	0.50	0.52	0.57	0.60	0.67	NA	0.29	NA	NA	0.42	0.55	0.57	0.71	0.57	0.61	0.45	0.60	0.67	NA	0.60	NA	1.00	NA	0.75	1.00	0.60	1.00	1.00	NA	NA	NA	NA	0.62	0.60	0.67	0.67	0.56	0.60	0.56	0.56	0.67	0.67	NA	0.64	NA	NA	0.67	0.33	0.75	NA	0.67	0.48	0.56	0.59	0.48	0.62	0.40	0.67	0.60	0.60	0.60	0.80	0.57	0.67	0.88	0.68	0.60	0.61	0.50	0.44	NA	0.33	0.54	0.50	0.75	NA	0.33	1.00	1.00	NA	0.67	NA	0.60	0.44	0.64	0.67	0.73	0.67	0.89	1.00	NA	1.00	0.60	NA	NA	NA	0.67	0.60
ran_57.txt	1.00	0.50	NA	1.00	0.43	0.38	0.57	0.58	NA	0.62	0.43	0.67	0.75	0.62	0.80	0.45	0.56	0.83	0.60	0.72	0.53	1.00	0.67	0.60	0.50	0.60	1.00	0.80	0.50	0.64	NA	0.50	0.83	0.62	0.43	0.59	0.89	0.67	0.50	NA	0.75	NA	1.00	0.80	0.57	0.59	0.67	0.50	0.46	0.75	0.53	0.45	NA	0.60	NA	0.67	NA	1.00	NA	0.40	0.67	0.80	NA	NA	NA	NA	0.58	0.56	0.67	1.00	0.52	0.57	0.78	0.50	0.44	0.50	0.50	0.64	1.00	0.67	0.80	0.83	0.67	NA	0.50	0.58	0.55	0.58	0.67	0.59	1.00	0.50	0.75	1.00	0.60	0.40	0.62	0.67	0.56	0.58	0.70	0.56	0.60	0.53	NA	0.75	0.60	0.61	0.75	0.50	0.33	0.80	0.67	NA	1.00	NA	0.50	0.29	0.67	1.00	0.60	0.67	0.50	0.67	NA	0.50	0.60	NA	NA	NA	0.50	0.50
ran_58.txt	1.00	0.50	NA	1.00	0.83	0.62	0.58	0.66	NA	0.58	0.55	1.00	0.50	0.50	0.60	0.61	0.55	0.50	0.75	0.67	0.55	1.00	0.75	0.50	NA	0.40	1.00	0.60	NA	0.75	NA	1.00	0.86	0.61	1.00	0.50	0.60	0.50	0.67	NA	0.71	NA	1.00	0.79	0.59	0.66	0.63	0.86	0.60	0.68	0.58	0.59	NA	1.00	NA	0.40	NA	0.75	1.00	0.50	0.67	0.50	NA	NA	NA	NA	0.57	0.67	1.00	1.00	0.53	0.66	0.43	0.62	0.56	0.67	1.00	0.64	1.00	0.75	0.80	0.60	NA	NA	0.54	0.67	0.53	0.50	0.65	0.62	0.40	0.67	0.50	0.50	0.67	0.75	0.62	0.50	0.50	0.60	0.56	0.62	0.60	0.51	NA	0.67	0.55	0.59	1.00	0.50	0.67	0.80	0.50	NA	1.00	NA	0.86	0.50	0.73	0.50	0.70	1.00	0.62	0.67	NA	1.00	1.00	NA	NA	NA	1.00	0.60
ran_59.txt	NA	1.00	NA	0.67	0.57	0.86	0.54	0.58	NA	0.67	0.50	0.80	0.33	0.88	1.00	0.62	0.52	0.50	0.60	0.63	0.62	0.33	0.83	0.80	1.00	0.75	0.50	0.67	0.50	0.60	NA	1.00	0.67	0.50	0.57	0.50	0.50	0.56	0.67	NA	0.40	NA	1.00	0.56	0.54	0.63	0.65	0.57	0.57	0.58	0.55	0.67	NA	0.80	NA	0.60	NA	0.50	1.00	0.50	0.67	0.67	NA	NA	NA	NA	0.43	0.50	1.00	0.50	0.52	0.53	0.67	0.71	0.57	0.50	NA	0.50	0.50	0.67	0.50	0.67	0.50	NA	0.50	0.50	0.47	0.68	0.52	0.32	1.00	0.60	0.50	0.67	1.00	0.60	0.57	1.00	0.56	0.58	0.44	0.56	0.56	0.50	NA	0.67	0.76	0.52	0.67	0.50	1.00	0.80	1.00	NA	0.67	NA	0.50	0.45	0.50	0.50	0.60	0.67	0.58	1.00	NA	0.50	0.80	NA	NA	NA	1.00	0.50
ran_6.txt	0.50	0.50	NA	1.00	0.50	0.78	0.60	0.63	NA	0.67	0.54	0.40	0.50	0.57	0.33	0.51	0.55	0.60	0.75	0.73	0.65	1.00	0.60	0.80	NA	0.60	0.50	0.75	NA	0.55	NA	0.67	0.75	0.42	0.43	0.53	1.00	0.75	0.50	NA	0.67	NA	0.50	0.53	0.55	0.64	0.83	0.86	0.48	0.67	0.62	0.53	NA	1.00	NA	0.60	NA	0.67	0.50	0.60	0.33	0.50	NA	NA	NA	NA	0.61	0.40	0.50	0.67	0.47	0.59	0.86	0.62	0.40	0.50	0.33	0.54	0.50	NA	0.75	0.60	1.00	NA	0.54	0.68	0.51	0.47	0.61	0.52	0.67	0.67	0.50	0.67	0.50	0.60	0.75	0.57	0.38	0.52	0.58	0.52	0.44	0.69	NA	0.50	0.52	0.69	0.67	0.50	0.33	0.80	0.67	NA	0.67	NA	0.67	0.80	0.44	NA	0.45	0.33	0.55	1.00	NA	NA	0.40	NA	NA	NA	1.00	0.40
ran_60.txt	NA	0.50	NA	0.50	0.50	0.50	0.60	0.69	NA	0.50	0.62	0.60	0.67	0.60	0.50	0.50	0.56	1.00	0.33	0.56	0.63	0.67	0.75	0.67	NA	0.67	NA	0.40	0.50	0.45	NA	1.00	0.86	0.60	0.40	0.76	0.50	0.50	0.40	NA	0.50	NA	0.50	0.75	0.52	0.52	0.54	0.57	0.53	0.50	0.53	0.52	NA	0.80	NA	1.00	NA	0.50	0.50	0.75	NA	1.00	NA	NA	NA	NA	0.62	0.75	0.67	0.50	0.58	0.60	0.75	0.67	0.60	1.00	1.00	0.78	1.00	0.67	0.60	0.50	0.67	NA	0.38	0.67	0.62	0.57	0.50	0.64	0.75	0.67	0.40	0.80	0.60	0.60	0.43	0.62	0.57	0.53	0.55	0.47	0.56	0.44	NA	0.67	0.50	0.54	0.67	0.50	1.00	1.00	0.75	NA	0.67	NA	0.57	0.60	0.64	1.00	0.62	1.00	0.50	1.00	NA	NA	0.50	NA	NA	NA	1.00	0.75
ran_61.txt	1.00	0.75	NA	0.67	0.33	0.62	0.59	0.62	NA	0.75	0.60	0.75	0.50	0.60	0.60	0.59	0.57	0.50	1.00	0.65	0.59	0.67	0.83	0.60	0.50	0.67	NA	0.75	NA	0.70	NA	0.67	0.67	0.53	0.80	0.63	0.71	0.40	0.60	NA	0.44	NA	1.00	0.69	0.60	0.56	0.60	0.57	0.57	0.57	0.67	0.47	NA	0.50	NA	0.75	NA	0.75	0.33	0.75	0.67	0.60	NA	NA	NA	NA	0.52	0.44	0.50	0.50	0.60	0.55	0.60	0.56	0.83	0.67	1.00	0.58	1.00	1.00	0.50	1.00	1.00	NA	0.85	0.56	0.57	0.79	0.64	0.52	0.75	0.67	0.67	0.33	0.67	0.83	0.62	0.75	0.57	0.52	0.70	0.55	0.70	0.63	NA	0.50	0.62	0.43	0.67	NA	NA	0.40	0.80	NA	0.67	NA	0.75	0.56	0.40	NA	0.29	1.00	0.71	1.00	NA	NA	0.40	NA	NA	NA	0.67	0.50
ran_62.txt	0.50	0.67	NA	0.50	0.60	0.71	0.59	0.59	NA	0.46	0.59	0.33	0.50	0.67	0.67	0.50	0.49	1.00	0.50	0.50	0.57	1.00	0.60	0.50	NA	0.60	NA	0.60	NA	0.83	NA	0.50	0.50	0.32	0.71	0.55	0.50	0.56	0.86	NA	0.67	NA	NA	0.58	0.59	0.64	0.50	0.80	0.63	0.52	0.62	0.44	NA	0.67	NA	0.50	NA	0.50	0.67	0.67	0.67	0.60	NA	NA	NA	NA	0.63	0.50	1.00	0.67	0.54	0.44	0.38	0.60	0.60	0.67	0.67	0.62	NA	0.50	0.67	0.33	0.50	NA	0.71	0.48	0.60	0.51	0.67	0.58	0.75	0.75	1.00	1.00	0.40	0.40	0.62	0.71	0.44	0.52	0.44	0.53	0.60	0.67	NA	0.67	0.61	0.52	1.00	NA	0.67	0.50	0.40	NA	1.00	NA	0.57	0.33	0.75	0.67	0.60	0.50	0.80	0.50	NA	0.50	0.83	NA	NA	NA	1.00	0.60
ran_63.txt	1.00	1.00	NA	NA	0.40	0.60	0.57	0.43	NA	0.55	0.60	0.50	0.67	0.62	1.00	0.57	0.57	0.25	0.80	0.57	0.72	0.50	0.60	1.00	NA	0.80	1.00	0.50	1.00	0.62	NA	0.67	0.43	0.74	0.50	0.47	0.71	0.56	0.50	NA	0.78	NA	NA	0.57	0.59	0.67	0.56	0.50	0.52	0.40	0.57	0.62	NA	0.40	NA	0.80	NA	0.67	0.33	0.50	NA	0.50	NA	NA	NA	NA	0.50	0.70	0.67	0.33	0.68	0.72	0.57	0.44	0.44	0.67	0.67	0.38	0.50	0.67	0.67	0.60	0.33	NA	0.62	0.38	0.51	0.71	0.57	0.67	0.33	0.60	0.67	0.60	1.00	1.00	0.75	1.00	0.71	0.56	0.50	0.60	0.44	0.62	NA	0.50	0.67	0.63	0.50	0.50	1.00	0.40	0.60	NA	NA	NA	0.71	0.80	0.56	0.50	0.22	0.67	0.55	1.00	NA	0.50	0.50	NA	NA	NA	0.67	0.60
ran_64.txt	0.50	0.75	NA	0.50	0.57	0.43	0.58	0.55	NA	0.54	0.60	0.67	1.00	0.75	0.40	0.69	0.60	1.00	0.33	0.55	0.66	NA	0.60	0.80	NA	0.75	0.50	0.60	0.50	0.60	NA	0.67	1.00	0.58	0.80	0.52	0.57	1.00	0.71	NA	0.70	NA	0.50	0.75	0.62	0.59	0.58	0.40	0.54	0.59	0.59	0.63	NA	0.50	NA	0.60	NA	1.00	0.50	0.75	1.00	0.60	NA	NA	NA	NA	0.79	0.56	0.67	1.00	0.51	0.68	0.88	0.71	0.62	1.00	1.00	0.64	1.00	1.00	0.75	0.60	0.67	NA	0.45	0.69	0.52	0.56	0.52	0.72	0.25	0.60	0.75	1.00	0.50	0.33	0.57	0.50	0.71	0.59	0.40	0.63	0.80	0.64	NA	0.67	0.54	0.60	0.50	0.50	0.67	0.80	1.00	NA	0.50	NA	0.50	0.43	0.70	1.00	0.56	0.33	0.50	0.67	NA	0.50	0.60	NA	NA	NA	0.50	0.75
ran_65.txt	1.00	0.67	NA	0.50	0.50	0.75	0.55	0.55	NA	0.64	0.60	0.50	1.00	0.57	0.60	0.59	0.58	0.40	1.00	0.59	0.55	NA	0.60	1.00	0.50	0.75	NA	0.67	1.00	0.67	NA	1.00	0.50	0.57	0.50	0.59	0.67	0.43	0.67	NA	0.60	NA	1.00	0.67	0.64	0.62	0.64	0.83	0.59	0.68	0.52	0.67	NA	0.60	NA	0.75	NA	0.50	1.00	0.60	NA	0.50	NA	NA	NA	NA	0.64	0.60	NA	0.67	0.62	0.67	0.67	0.62	0.83	1.00	0.50	0.55	0.50	0.50	0.67	0.50	1.00	NA	0.64	0.48	0.56	0.66	0.63	0.50	0.50	0.60	0.67	0.50	0.60	0.50	0.67	0.78	0.86	0.56	0.64	0.49	0.50	0.57	NA	1.00	0.57	0.45	0.75	0.50	0.50	0.50	1.00	NA	0.67	NA	0.67	0.70	0.70	NA	0.60	0.67	0.67	0.67	NA	NA	0.50	NA	NA	NA	NA	1.00
ran_66.txt	1.00	0.50	NA	0.50	0.57	0.60	0.62	0.55	NA	0.69	0.62	1.00	0.50	0.50	0.50	0.50	0.62	0.75	0.60	0.45	0.53	1.00	0.50	0.80	1.00	0.80	NA	0.50	NA	0.67	NA	1.00	0.60	0.63	0.67	0.67	0.62	0.89	0.57	NA	0.50	NA	NA	0.69	0.61	0.55	0.45	0.83	0.56	0.83	0.49	0.62	NA	0.60	NA	1.00	NA	0.75	0.50	0.40	1.00	0.75	NA	NA	NA	NA	0.45	0.44	NA	NA	0.51	0.57	0.86	0.86	0.88	1.00	0.50	0.85	1.00	0.75	0.75	0.75	0.33	NA	0.43	0.55	0.63	0.65	0.52	0.47	0.50	0.40	0.80	0.50	0.60	0.50	0.43	0.71	0.57	0.58	0.70	0.64	0.50	0.51	NA	0.75	0.50	0.66	0.25	NA	1.00	0.80	0.67	NA	1.00	NA	0.62	0.55	0.50	1.00	0.60	1.00	0.67	NA	NA	NA	0.25	NA	NA	NA	NA	0.83
ran_67.txt	0.50	0.67	NA	0.67	0.50	0.71	0.56	0.55	NA	0.69	0.68	0.25	1.00	0.57	0.60	0.60	0.52	0.40	1.00	0.73	0.58	0.67	0.33	0.67	0.50	0.67	1.00	0.33	0.50	0.58	NA	0.50	0.67	0.61	0.71	0.56	0.50	0.80	0.50	NA	0.50	NA	0.50	0.57	0.68	0.60	0.52	0.40	0.56	0.45	0.62	0.85	NA	0.75	NA	0.40	NA	1.00	0.33	1.00	0.67	0.80	NA	NA	NA	NA	0.65	0.50	NA	0.67	0.50	0.50	0.67	0.88	0.60	1.00	0.67	0.54	0.50	0.33	0.75	0.67	0.25	NA	0.80	0.50	0.56	0.63	0.58	0.57	0.60	0.80	1.00	0.40	0.40	0.50	0.67	0.83	0.50	0.48	0.62	0.58	0.56	0.72	NA	1.00	0.63	0.59	0.67	NA	1.00	0.80	0.50	NA	0.67	NA	0.71	0.67	0.60	1.00	0.91	1.00	0.70	1.00	NA	NA	0.40	NA	NA	NA	1.00	0.75
ran_68.txt	1.00	0.75	NA	0.67	1.00	0.71	0.67	0.48	NA	0.62	0.40	0.67	1.00	0.33	0.50	0.55	0.56	0.33	0.50	0.62	0.59	1.00	0.75	1.00	0.50	0.50	0.50	0.67	NA	0.67	NA	0.50	0.80	0.35	0.50	0.37	0.43	0.56	0.57	NA	0.44	NA	NA	0.58	0.56	0.54	0.46	0.50	0.54	0.50	0.50	0.65	NA	0.75	NA	0.67	NA	0.50	0.50	0.60	0.67	0.75	NA	NA	NA	NA	0.48	0.70	1.00	0.50	0.59	0.76	0.75	0.83	0.75	0.67	0.50	0.57	NA	1.00	0.40	0.40	0.50	NA	0.50	0.48	0.54	0.45	0.59	0.69	0.40	0.50	0.50	0.50	0.75	0.50	0.50	0.86	0.50	0.63	0.54	0.54	0.50	0.62	NA	0.75	0.74	0.45	0.75	NA	0.67	0.60	0.50	NA	0.67	NA	0.86	0.67	0.80	0.67	0.70	0.50	0.56	1.00	NA	NA	0.67	NA	NA	NA	1.00	0.67
ran_69.txt	1.00	1.00	NA	1.00	0.50	0.62	0.60	0.51	NA	0.55	0.61	0.40	0.50	0.50	0.75	0.56	0.57	0.80	0.50	0.48	0.57	0.50	0.67	0.60	0.50	0.40	NA	0.40	NA	0.60	NA	1.00	0.60	0.56	0.86	0.76	0.71	0.75	0.67	NA	0.88	NA	1.00	0.58	0.44	0.58	0.52	0.60	0.48	0.57	0.56	0.72	NA	0.50	NA	1.00	NA	1.00	0.67	0.40	0.67	0.50	NA	NA	NA	NA	0.58	0.70	0.50	0.50	0.52	0.61	0.71	0.56	0.67	0.50	0.67	0.45	1.00	0.67	0.67	0.60	0.25	NA	0.67	0.44	0.59	0.56	0.59	0.62	0.60	0.60	0.60	0.67	0.50	0.50	0.62	0.86	0.62	0.49	0.42	0.51	0.50	0.55	NA	1.00	0.54	0.68	1.00	NA	0.50	0.60	0.50	NA	1.00	NA	0.57	0.60	0.50	1.00	0.58	1.00	0.64	0.50	NA	NA	0.80	NA	NA	NA	0.50	0.75
ran_7.txt	1.00	0.75	NA	0.33	0.83	0.56	0.58	0.55	NA	0.62	0.48	0.50	0.33	0.86	0.50	0.60	0.52	0.60	0.75	0.56	0.67	0.50	0.40	0.50	1.00	0.40	NA	0.67	0.50	0.50	NA	0.50	0.50	0.57	0.83	0.55	0.71	0.60	0.60	NA	0.40	NA	0.50	0.64	0.53	0.56	0.72	1.00	0.51	0.47	0.58	0.38	NA	0.80	NA	0.75	NA	0.50	0.50	0.67	0.50	0.50	NA	NA	NA	NA	0.61	0.55	0.50	0.50	0.57	0.62	0.50	0.50	0.62	1.00	0.33	0.55	NA	1.00	0.40	0.50	1.00	NA	0.38	0.63	0.54	0.45	0.60	0.67	1.00	0.60	1.00	0.50	0.40	0.80	0.67	0.62	0.33	0.58	0.70	0.57	0.33	0.40	NA	0.75	0.68	0.72	1.00	NA	0.50	0.75	0.75	NA	1.00	NA	0.38	0.50	0.50	0.67	0.64	0.50	0.40	0.50	NA	1.00	0.50	NA	NA	NA	NA	0.60
ran_70.txt	NA	0.75	NA	0.67	0.50	0.62	0.55	0.53	NA	0.50	0.41	1.00	0.67	0.83	0.50	0.48	0.56	1.00	0.50	0.76	0.51	0.50	1.00	0.60	1.00	0.60	NA	1.00	NA	0.75	NA	0.33	0.67	0.65	0.50	0.80	0.57	0.80	0.50	NA	0.62	NA	1.00	0.58	0.53	0.51	0.48	0.60	0.58	0.50	0.59	0.43	NA	0.60	NA	1.00	NA	0.50	1.00	0.67	0.50	0.60	NA	NA	NA	NA	0.54	0.44	0.67	1.00	0.55	0.60	0.50	0.71	0.33	NA	0.67	0.50	1.00	0.75	0.40	0.50	0.50	NA	0.67	0.67	0.61	0.45	0.52	0.57	0.50	0.60	0.67	0.67	0.50	0.80	0.71	0.50	0.67	0.47	0.64	0.36	0.43	0.58	NA	1.00	0.68	0.52	NA	NA	0.50	1.00	0.40	NA	1.00	NA	0.57	0.50	0.90	0.50	0.60	0.67	0.50	1.00	NA	1.00	0.50	NA	NA	NA	0.67	0.33
ran_71.txt	NA	1.00	NA	1.00	0.50	0.57	0.55	0.64	NA	0.64	0.93	0.50	1.00	0.67	0.50	0.51	0.60	0.83	0.50	0.40	0.46	0.67	0.67	0.60	0.50	0.60	0.50	0.75	0.50	0.56	NA	0.67	0.67	0.41	0.67	0.76	0.33	0.56	0.40	NA	0.56	NA	1.00	0.45	0.60	0.60	0.48	0.60	0.54	0.76	0.54	0.67	NA	0.50	NA	0.50	NA	0.75	NA	0.33	1.00	0.40	NA	NA	NA	NA	0.62	0.60	0.50	1.00	0.57	0.48	0.50	0.78	0.57	1.00	1.00	0.42	1.00	0.75	0.50	0.50	0.50	NA	0.50	0.58	0.65	0.45	0.59	0.58	0.60	0.60	1.00	0.80	0.67	0.67	0.62	0.57	0.62	0.67	0.50	0.61	0.33	0.62	NA	0.50	0.63	0.60	1.00	0.50	1.00	0.50	0.80	NA	NA	NA	0.89	0.78	0.50	0.67	0.33	0.67	0.60	0.33	NA	NA	1.00	NA	NA	NA	1.00	0.33
ran_72.txt	NA	0.33	NA	0.67	0.43	0.44	0.53	0.58	NA	0.55	0.52	0.75	0.67	0.71	0.75	0.53	0.52	0.50	0.67	0.40	0.53	1.00	1.00	1.00	0.50	0.33	0.50	0.60	1.00	0.55	NA	0.67	0.40	0.56	0.67	0.62	0.50	0.60	1.00	NA	0.60	NA	0.50	0.50	0.50	0.51	0.68	0.50	0.61	0.52	0.53	0.53	NA	0.67	NA	0.33	NA	0.50	1.00	0.67	0.50	0.60	NA	NA	NA	NA	0.54	0.45	1.00	0.67	0.64	0.53	0.57	0.50	0.71	0.67	1.00	0.62	NA	1.00	0.50	1.00	0.67	NA	0.64	0.55	0.59	0.53	0.60	0.56	0.75	0.75	0.67	0.75	0.50	0.67	1.00	0.50	0.50	0.54	0.50	0.58	0.56	0.51	NA	NA	0.44	0.57	0.75	1.00	0.50	0.40	0.50	NA	NA	NA	0.60	0.80	0.73	0.67	0.56	1.00	0.73	1.00	NA	1.00	0.33	NA	NA	NA	0.67	0.50
ran_73.txt	NA	0.33	NA	1.00	0.40	0.75	0.56	0.60	NA	0.46	0.50	0.75	0.67	0.50	1.00	0.55	0.49	0.50	0.75	0.57	0.52	1.00	0.83	0.80	1.00	0.67	NA	0.75	0.50	0.44	NA	1.00	0.67	0.52	0.83	0.57	0.43	0.78	0.50	NA	0.56	NA	0.50	0.64	0.57	0.51	0.65	0.60	0.61	0.71	0.59	0.53	NA	0.67	NA	0.67	NA	0.75	1.00	0.75	1.00	0.50	NA	NA	NA	NA	0.57	0.44	1.00	0.67	0.59	0.63	0.75	0.70	0.57	0.67	0.67	0.67	0.50	0.67	0.33	0.60	1.00	NA	0.46	0.64	0.51	0.46	0.48	0.42	0.40	1.00	1.00	1.00	0.50	0.40	0.50	0.71	0.44	0.57	0.75	0.58	0.50	0.65	NA	1.00	0.64	0.56	1.00	1.00	0.67	0.60	0.40	NA	0.67	NA	0.57	0.67	0.75	0.33	0.55	0.50	0.73	1.00	NA	NA	0.75	NA	NA	NA	1.00	0.60
ran_74.txt	1.00	0.50	NA	0.67	0.40	0.43	0.56	0.73	NA	0.58	0.69	0.80	1.00	0.80	0.75	0.54	0.55	0.60	0.80	0.58	0.65	0.67	0.50	0.75	NA	0.67	NA	0.80	NA	0.44	NA	NA	0.43	0.63	0.60	0.44	0.50	0.50	0.50	NA	0.56	NA	1.00	0.62	0.54	0.55	0.55	0.67	0.56	0.40	0.63	0.56	NA	0.60	NA	0.80	NA	1.00	0.67	0.67	0.67	0.40	NA	NA	NA	NA	0.50	0.55	0.67	1.00	0.58	0.55	0.56	0.67	0.75	0.67	1.00	0.57	1.00	0.50	0.50	1.00	0.75	NA	0.57	0.45	0.53	0.53	0.64	0.48	0.40	0.83	0.60	0.67	0.80	0.60	0.57	0.62	0.50	0.63	0.57	0.60	0.88	0.55	NA	1.00	0.55	0.56	0.33	0.50	1.00	0.75	1.00	NA	1.00	NA	0.71	0.67	0.70	1.00	0.60	0.67	0.67	NA	NA	0.50	0.50	NA	NA	NA	0.33	0.80
ran_75.txt	0.50	0.50	NA	0.67	0.86	1.00	0.58	0.73	NA	0.75	0.57	0.50	0.33	0.62	1.00	0.52	0.57	0.67	0.83	0.65	0.58	0.50	0.50	0.67	NA	0.60	NA	0.75	NA	0.58	NA	1.00	0.50	0.69	0.60	0.65	0.57	0.40	0.67	NA	0.88	NA	0.50	0.55	0.59	0.54	0.45	0.33	0.57	0.80	0.54	0.56	NA	0.75	NA	0.60	NA	0.67	0.33	0.50	1.00	0.75	NA	NA	NA	NA	0.60	0.56	1.00	1.00	0.58	0.69	0.67	0.71	0.71	0.67	0.67	0.69	1.00	NA	0.50	0.60	0.67	NA	0.46	0.54	0.47	0.56	0.59	0.77	0.50	0.75	0.50	0.80	0.80	0.33	0.60	0.57	0.60	0.69	0.42	0.51	0.56	0.53	NA	1.00	0.59	0.59	0.75	0.50	0.33	0.50	0.50	NA	0.67	NA	0.75	0.67	0.67	0.33	0.50	0.33	0.64	1.00	NA	0.50	0.75	NA	NA	NA	0.33	0.75
ran_76.txt	NA	0.67	NA	0.67	0.67	0.40	0.58	0.60	NA	0.60	0.61	1.00	0.75	0.38	0.50	0.53	0.54	0.67	0.83	0.82	0.56	0.67	0.50	0.75	1.00	1.00	NA	1.00	0.50	0.56	NA	0.50	0.71	0.65	0.67	0.44	1.00	0.67	0.40	NA	0.57	NA	NA	0.71	0.63	0.54	0.56	0.86	0.51	0.56	0.60	0.65	NA	1.00	NA	0.40	NA	0.50	0.50	0.50	1.00	0.80	NA	NA	NA	NA	0.54	0.60	1.00	1.00	0.59	0.50	0.50	0.57	0.38	NA	1.00	0.50	NA	1.00	0.83	0.83	0.67	NA	0.50	0.64	0.54	0.62	0.60	0.57	0.60	0.60	0.75	0.50	0.83	0.50	0.88	0.71	0.89	0.50	0.60	0.60	0.80	0.56	NA	0.67	0.58	0.52	0.75	NA	1.00	0.50	0.50	NA	NA	NA	0.50	0.44	0.89	0.67	0.70	0.67	0.60	0.33	NA	NA	0.80	NA	NA	NA	0.67	0.60
ran_77.txt	0.50	0.50	NA	NA	0.57	0.80	0.54	0.54	NA	0.62	0.62	0.50	0.67	0.67	0.60	0.64	0.54	0.80	0.75	0.48	0.61	0.67	0.83	0.50	0.50	0.40	NA	0.80	0.50	0.80	NA	0.50	0.50	0.59	1.00	0.65	0.71	0.75	0.50	NA	0.62	NA	NA	0.50	0.50	0.50	0.45	0.75	0.55	0.60	0.53	0.64	NA	0.50	NA	0.80	NA	1.00	0.33	0.50	1.00	0.75	NA	NA	NA	NA	0.54	0.56	1.00	0.67	0.57	0.50	0.67	0.29	0.50	0.67	NA	0.85	NA	1.00	0.67	0.60	0.50	NA	0.46	0.60	0.58	0.66	0.57	0.62	0.75	0.80	0.50	0.50	0.75	0.83	0.75	0.62	0.62	0.51	0.90	0.64	0.60	0.66	NA	0.67	0.55	0.52	NA	1.00	0.33	0.50	0.75	NA	NA	NA	0.62	0.88	0.58	0.67	0.50	0.33	0.50	0.50	NA	0.50	0.50	NA	NA	NA	0.67	0.50
ran_78.txt	0.50	1.00	NA	0.33	0.62	0.83	0.51	0.67	NA	0.73	0.57	0.60	0.67	0.83	0.40	0.54	0.55	1.00	0.67	0.53	0.56	0.67	0.60	1.00	0.50	0.60	1.00	0.40	NA	0.78	NA	1.00	1.00	0.50	0.71	0.47	0.57	0.60	0.57	NA	0.67	NA	1.00	0.75	0.55	0.59	0.55	0.60	0.59	0.68	0.65	0.67	NA	0.83	NA	0.60	NA	NA	1.00	0.50	1.00	0.50	NA	NA	NA	NA	0.58	0.67	0.67	NA	0.57	0.53	0.71	0.50	0.75	1.00	0.33	0.38	1.00	0.50	0.50	0.50	1.00	NA	0.50	0.60	0.53	0.64	0.56	0.66	1.00	0.80	0.50	0.40	0.50	0.50	0.71	0.71	0.67	0.56	0.45	0.54	0.55	0.53	NA	0.75	0.46	0.56	0.75	1.00	0.33	0.80	0.60	NA	0.50	NA	0.75	0.50	0.50	0.50	0.64	0.67	0.78	0.50	NA	NA	0.33	NA	NA	NA	1.00	1.00
ran_79.txt	0.50	0.50	NA	0.33	0.43	0.56	0.68	0.53	NA	0.50	0.45	0.60	0.50	0.62	0.50	0.56	0.54	0.50	0.50	0.53	0.59	0.50	0.50	1.00	1.00	1.00	1.00	0.50	0.50	0.55	NA	1.00	0.60	0.57	0.75	0.62	0.38	0.89	0.50	NA	0.71	NA	1.00	0.55	0.61	0.54	0.69	0.86	0.58	0.36	0.50	0.57	NA	0.40	NA	0.67	NA	0.75	1.00	0.60	1.00	0.67	NA	NA	NA	NA	0.46	0.44	0.67	0.50	0.60	0.70	0.50	0.50	0.60	NA	0.67	0.50	1.00	0.25	0.67	0.60	1.00	NA	0.54	0.52	0.58	0.54	0.60	0.67	0.75	0.60	0.33	0.60	0.50	0.33	0.33	0.62	0.44	0.63	0.73	0.67	0.67	0.54	NA	1.00	0.53	0.48	0.50	NA	NA	0.60	0.60	NA	0.33	NA	0.56	0.73	0.88	0.67	0.50	1.00	0.50	0.67	NA	NA	0.80	NA	NA	NA	0.50	0.75
ran_8.txt	0.50	0.50	NA	0.67	0.50	0.88	0.50	0.62	NA	0.54	0.57	0.40	1.00	0.50	1.00	0.53	0.55	0.50	0.60	0.67	0.51	0.50	0.40	0.50	1.00	0.67	0.50	0.60	0.50	0.56	NA	0.67	0.80	0.57	0.80	0.41	0.62	0.89	0.50	NA	0.71	NA	0.50	0.71	0.54	0.59	0.48	0.57	0.53	0.61	0.50	0.58	NA	0.67	NA	1.00	NA	1.00	NA	0.67	1.00	0.80	NA	NA	NA	NA	0.58	0.44	1.00	1.00	0.52	0.65	0.67	0.86	0.56	0.33	1.00	0.56	1.00	1.00	0.50	0.50	0.67	NA	0.54	0.75	0.58	0.60	0.62	0.62	0.75	0.50	0.60	0.60	0.50	0.50	0.71	0.50	0.38	0.61	0.75	0.63	0.55	0.65	NA	0.67	0.65	0.60	1.00	1.00	1.00	0.50	1.00	NA	1.00	NA	0.57	0.50	0.70	0.67	0.56	0.67	0.78	1.00	NA	0.50	0.50	NA	NA	NA	0.33	0.60
ran_80.txt	NA	0.75	NA	NA	0.43	0.56	0.57	0.67	NA	0.56	0.64	0.80	1.00	0.71	0.80	0.54	0.57	0.67	0.67	0.73	0.62	0.67	0.83	0.80	0.50	0.60	1.00	0.75	1.00	0.75	NA	1.00	0.57	0.35	0.50	0.55	0.56	0.55	0.75	NA	0.62	NA	NA	0.58	0.59	0.56	0.64	1.00	0.49	0.65	0.57	0.68	NA	0.75	NA	0.60	NA	0.67	0.67	0.60	1.00	1.00	NA	NA	NA	NA	0.50	0.44	1.00	0.67	0.61	0.59	0.86	0.50	0.57	0.67	1.00	0.71	1.00	1.00	0.67	0.33	0.33	NA	0.50	0.71	0.62	0.56	0.52	0.65	0.75	0.60	0.67	0.80	0.60	0.83	0.75	0.83	0.67	0.58	0.73	0.66	0.50	0.49	NA	1.00	0.42	0.53	1.00	NA	1.00	0.75	0.50	NA	0.67	NA	0.67	0.45	0.44	0.67	0.43	0.33	0.55	1.00	NA	NA	0.60	NA	NA	NA	0.67	0.40
ran_81.txt	NA	0.50	NA	1.00	0.83	0.57	0.53	0.51	NA	0.69	0.58	0.60	0.75	0.86	0.50	0.62	0.58	0.60	0.67	0.45	0.67	0.67	0.67	0.75	1.00	0.50	1.00	0.67	0.50	0.70	NA	0.67	0.57	0.44	0.57	0.59	0.83	0.56	1.00	NA	0.75	NA	NA	0.77	0.57	0.53	0.50	0.60	0.62	0.63	0.61	0.55	NA	0.80	NA	0.80	NA	1.00	1.00	0.75	0.50	0.60	NA	NA	NA	NA	0.50	0.50	0.67	1.00	0.66	0.58	0.57	0.56	0.86	1.00	NA	0.60	1.00	1.00	0.67	NA	0.50	NA	0.55	0.70	0.57	0.47	0.54	0.57	0.50	1.00	0.50	1.00	0.50	0.75	0.40	0.67	0.83	0.64	0.67	0.58	0.50	0.54	NA	0.50	0.52	0.52	1.00	0.50	0.33	0.67	0.50	NA	0.67	NA	0.71	0.58	0.70	0.67	0.56	NA	0.44	0.50	NA	0.50	0.50	NA	NA	NA	NA	0.75
ran_82.txt	0.50	0.33	NA	1.00	0.80	0.56	0.53	0.59	NA	0.67	0.57	0.67	0.67	0.50	0.67	0.53	0.51	0.75	0.50	0.73	0.58	0.67	0.60	0.60	NA	0.60	0.50	0.60	NA	0.91	NA	0.67	0.60	0.78	0.57	0.63	0.38	0.45	0.60	NA	0.50	NA	0.50	0.36	0.62	0.59	0.57	0.50	0.61	0.67	0.58	0.68	NA	0.40	NA	0.80	NA	0.75	0.50	NA	0.67	0.75	NA	NA	NA	NA	0.67	0.60	1.00	0.50	0.59	0.53	0.50	0.43	0.44	1.00	NA	0.75	0.50	0.75	0.83	1.00	1.00	NA	0.71	0.65	0.49	0.57	0.69	0.60	0.50	0.67	0.50	0.67	0.50	0.60	0.83	0.86	0.57	0.58	0.56	0.58	0.50	0.64	NA	0.50	0.58	0.60	0.67	1.00	1.00	0.50	0.60	NA	0.50	NA	0.71	0.40	0.44	1.00	0.82	0.33	0.40	1.00	NA	1.00	0.75	NA	NA	NA	1.00	0.50
ran_83.txt	0.50	1.00	NA	0.67	0.57	0.56	0.62	0.67	NA	0.67	0.61	0.67	0.75	0.67	1.00	0.63	0.51	0.50	1.00	0.57	0.56	1.00	0.67	0.80	1.00	0.40	NA	1.00	1.00	0.56	NA	NA	0.40	0.58	0.50	0.65	0.75	0.86	0.71	NA	0.56	NA	0.50	0.58	0.56	0.60	0.61	0.40	0.52	0.48	0.60	0.70	NA	1.00	NA	1.00	NA	0.75	0.50	0.50	1.00	1.00	NA	NA	NA	NA	0.52	0.75	0.50	0.67	0.58	0.57	0.67	0.70	0.67	1.00	NA	0.55	1.00	1.00	0.60	0.83	0.50	NA	0.46	0.50	0.53	0.58	0.65	0.73	0.60	0.25	0.80	0.75	0.60	0.75	0.71	0.83	0.29	0.61	0.78	0.60	0.75	0.48	NA	0.67	0.73	0.64	1.00	NA	0.67	0.50	1.00	NA	1.00	NA	0.75	0.64	0.45	0.67	0.45	NA	0.60	0.67	NA	1.00	0.50	NA	NA	NA	0.67	0.67
ran_84.txt	NA	0.67	NA	1.00	0.50	0.80	0.57	0.57	NA	0.64	0.54	0.67	0.75	0.43	1.00	0.59	0.59	1.00	0.60	0.57	0.57	0.67	1.00	0.75	NA	0.50	1.00	1.00	1.00	0.50	NA	0.67	0.75	0.43	0.43	0.61	0.83	0.62	0.80	NA	0.67	NA	0.50	0.77	0.61	0.54	0.53	0.29	0.57	0.58	0.57	0.55	NA	0.80	NA	0.60	NA	0.75	0.67	0.60	0.50	0.80	NA	NA	NA	NA	0.59	0.67	NA	0.33	0.51	0.63	0.43	0.62	0.50	1.00	0.50	0.75	NA	0.67	0.50	0.83	0.67	NA	0.82	0.50	0.50	0.56	0.58	0.61	0.60	0.80	0.67	0.40	0.83	0.80	0.44	0.57	0.44	0.62	0.73	0.52	0.50	0.61	NA	0.67	0.42	0.84	0.67	0.50	0.67	0.60	0.80	NA	1.00	NA	0.67	0.67	0.57	1.00	0.56	0.33	0.60	0.67	NA	0.50	0.60	NA	NA	NA	1.00	0.50
ran_85.txt	1.00	1.00	NA	1.00	0.57	0.62	0.52	0.52	NA	0.83	0.83	0.50	0.50	0.71	0.75	0.61	0.56	0.50	0.50	0.58	0.57	NA	0.60	0.80	0.50	0.25	1.00	0.80	0.50	0.67	NA	0.50	0.50	0.41	0.67	0.64	0.86	0.44	0.43	NA	0.33	NA	NA	0.64	0.63	0.59	0.56	0.50	0.53	0.53	0.65	0.60	NA	0.40	NA	0.80	NA	0.50	NA	0.80	0.50	0.50	NA	NA	NA	NA	0.75	0.80	1.00	1.00	0.56	0.77	0.71	0.44	0.43	0.67	1.00	0.79	NA	0.50	0.67	0.33	0.67	NA	0.46	0.71	0.52	0.56	0.56	0.54	0.33	0.83	0.67	0.75	0.67	0.60	0.56	0.57	0.62	0.69	0.40	0.71	0.60	0.55	NA	0.67	0.65	0.55	0.75	0.50	0.33	0.50	0.75	NA	0.50	NA	0.71	0.82	0.90	1.00	0.60	0.50	0.89	0.50	NA	1.00	0.75	NA	NA	NA	0.67	0.50
ran_86.txt	NA	0.50	NA	1.00	0.67	0.75	0.54	0.51	NA	0.64	0.56	0.67	0.75	0.57	1.00	0.69	0.53	0.50	0.50	0.78	0.54	1.00	0.60	0.40	0.50	0.50	NA	0.75	0.50	0.50	NA	0.67	0.33	0.56	0.83	0.52	0.62	0.56	0.67	NA	0.40	NA	0.50	0.58	0.62	0.63	0.64	0.25	0.60	0.67	0.61	0.55	NA	0.60	NA	0.67	NA	0.67	1.00	0.75	1.00	0.60	NA	NA	NA	NA	0.65	0.44	0.33	0.50	0.51	0.56	0.62	0.43	0.50	0.50	0.67	0.58	1.00	1.00	0.60	0.67	1.00	NA	0.70	0.58	0.51	0.42	0.50	0.38	0.80	0.75	0.50	1.00	0.67	0.60	0.71	0.43	0.78	0.61	0.67	0.51	0.67	0.49	NA	0.33	0.57	0.67	1.00	1.00	0.67	0.80	0.75	NA	0.67	NA	0.33	0.60	0.82	0.67	0.50	0.33	0.42	1.00	NA	1.00	0.75	NA	NA	NA	0.67	0.75
ran_87.txt	0.50	0.75	NA	NA	0.71	0.67	0.57	0.60	NA	0.67	0.62	0.80	1.00	0.75	0.67	0.60	0.59	1.00	0.67	0.57	0.58	0.50	0.75	1.00	0.50	0.75	NA	0.75	0.50	0.73	NA	0.50	0.43	0.71	0.71	0.53	0.78	0.67	0.67	NA	0.67	NA	0.50	0.50	0.50	0.55	0.52	0.80	0.61	0.57	0.53	0.57	NA	0.40	NA	1.00	NA	0.50	1.00	0.50	1.00	0.60	NA	NA	NA	NA	0.40	0.60	0.67	0.67	0.59	0.42	0.67	0.67	0.67	0.67	0.67	0.50	0.50	0.50	0.80	0.67	0.67	NA	0.73	0.50	0.44	0.70	0.71	0.64	0.67	0.67	0.50	0.75	0.80	0.75	0.43	0.50	0.83	0.57	0.31	0.55	0.80	0.40	NA	0.50	0.61	0.82	0.67	1.00	0.50	0.75	0.50	NA	0.50	NA	1.00	0.50	0.64	0.67	0.58	0.50	0.62	1.00	NA	1.00	0.50	NA	NA	NA	1.00	0.83
ran_88.txt	0.50	1.00	NA	0.50	0.60	0.62	0.57	0.60	NA	0.64	0.64	0.60	0.50	0.60	0.40	0.59	0.54	0.75	0.83	0.67	0.50	0.50	0.40	0.80	0.50	0.33	NA	0.67	1.00	0.44	NA	1.00	0.83	0.63	0.33	0.44	0.83	0.83	0.60	NA	0.43	NA	0.50	0.50	0.57	0.61	0.39	0.86	0.60	0.40	0.58	0.55	NA	0.75	NA	0.67	NA	0.75	0.67	0.60	0.67	0.75	NA	NA	NA	NA	0.46	0.80	1.00	0.67	0.61	0.56	0.78	0.50	0.40	0.50	0.67	0.30	NA	0.50	0.60	0.80	0.50	NA	0.58	0.83	0.47	0.58	0.79	0.36	0.75	0.60	0.50	0.50	0.80	1.00	0.57	0.88	0.40	0.51	0.70	0.62	0.60	0.43	NA	0.75	0.67	0.57	0.75	NA	1.00	0.40	0.50	NA	0.67	NA	0.50	0.56	0.75	1.00	0.62	1.00	0.56	0.67	NA	NA	0.50	NA	NA	NA	0.67	0.67
ran_89.txt	1.00	1.00	NA	0.67	1.00	0.80	0.64	0.62	NA	0.58	0.72	1.00	0.67	0.71	1.00	0.51	0.57	0.60	0.60	0.58	0.62	0.50	0.60	0.80	0.50	0.67	NA	1.00	0.50	0.60	NA	0.67	0.80	0.56	0.57	0.55	0.57	0.43	0.33	NA	0.50	NA	NA	0.67	0.57	0.59	0.54	0.67	0.58	0.65	0.60	0.68	NA	0.80	NA	0.60	NA	1.00	1.00	1.00	1.00	0.80	NA	NA	NA	NA	0.62	0.89	0.50	1.00	0.54	0.71	0.50	0.57	0.62	0.33	0.67	0.64	0.50	0.75	0.80	0.67	1.00	NA	0.54	0.54	0.59	0.47	0.47	0.68	0.60	0.67	0.67	0.50	0.83	0.60	0.56	0.67	0.57	0.70	0.90	0.63	0.75	0.51	NA	1.00	0.47	0.48	0.50	0.50	0.50	0.40	1.00	NA	0.67	NA	0.29	0.40	0.50	0.67	0.56	0.67	0.45	1.00	NA	NA	0.50	NA	NA	NA	1.00	0.80
ran_9.txt	0.50	0.50	NA	0.67	0.50	0.50	0.59	0.68	NA	0.42	0.62	0.80	0.75	0.50	0.80	0.51	0.61	0.40	0.40	0.70	0.62	0.67	1.00	0.75	1.00	0.80	0.50	0.40	NA	0.50	NA	0.67	0.50	0.82	0.43	0.75	0.75	0.89	0.71	NA	0.44	NA	1.00	0.45	0.56	0.55	0.52	0.80	0.56	0.48	0.59	0.59	NA	0.60	NA	0.40	NA	0.67	1.00	1.00	0.50	0.80	NA	NA	NA	NA	0.61	0.67	0.50	0.67	0.51	0.61	0.57	0.67	0.50	0.67	0.67	0.64	NA	0.75	0.40	0.75	0.75	NA	0.71	0.48	0.72	0.64	0.62	0.56	0.67	0.40	0.40	0.67	0.67	0.50	0.43	0.57	0.62	0.55	0.60	0.63	0.80	0.57	NA	0.75	0.59	0.48	0.75	NA	1.00	0.60	0.75	NA	0.50	NA	0.71	0.64	0.62	0.67	0.70	1.00	0.50	0.67	NA	NA	0.75	NA	NA	NA	0.33	0.40
ran_90.txt	1.00	0.67	NA	0.50	0.75	0.88	0.60	0.58	NA	0.54	0.64	0.75	0.50	0.57	0.80	0.50	0.62	0.75	0.60	0.37	0.43	0.67	0.60	0.60	1.00	0.75	NA	0.50	0.50	0.43	NA	1.00	0.75	0.79	0.43	0.52	0.67	0.55	0.75	NA	0.57	NA	0.50	0.55	0.63	0.55	0.58	0.57	0.59	0.59	0.60	0.56	NA	1.00	NA	0.75	NA	0.50	0.33	0.60	1.00	0.80	NA	NA	NA	NA	0.60	0.57	1.00	0.67	0.72	0.52	0.71	0.50	0.86	0.50	0.67	0.57	0.50	0.67	0.50	0.33	0.75	NA	0.62	0.67	0.62	0.56	0.58	0.71	0.50	0.75	0.33	0.50	0.75	0.75	0.86	0.80	0.57	0.67	0.70	0.60	0.64	0.68	NA	0.50	0.59	0.54	0.75	0.50	1.00	0.75	0.75	NA	0.50	NA	0.44	0.50	0.60	0.50	0.70	0.67	0.67	0.33	NA	NA	0.40	NA	NA	NA	NA	0.50
ran_91.txt	NA	0.67	NA	1.00	0.67	0.70	0.59	0.61	NA	0.60	0.52	1.00	0.50	0.57	0.60	0.54	0.54	0.67	0.80	0.75	0.51	NA	0.67	0.50	1.00	0.67	1.00	0.75	NA	0.50	NA	NA	0.80	0.65	0.60	0.72	0.71	0.56	0.75	NA	0.50	NA	1.00	0.57	0.48	0.56	0.52	0.71	0.57	0.50	0.60	0.56	NA	0.67	NA	0.60	NA	0.50	0.67	0.40	0.67	0.75	NA	NA	NA	NA	0.62	0.44	1.00	0.50	0.52	0.52	0.57	0.44	0.38	1.00	0.50	0.75	NA	0.75	0.50	0.60	1.00	NA	0.50	0.65	0.58	0.68	0.46	0.52	0.75	0.50	0.60	0.67	0.83	0.83	0.75	0.33	0.56	0.49	0.50	0.74	0.67	0.61	NA	1.00	0.52	0.56	0.75	0.50	1.00	0.50	0.75	NA	0.67	NA	0.43	0.50	0.67	0.67	0.70	1.00	0.38	0.67	NA	NA	0.80	NA	NA	NA	0.67	0.60
ran_92.txt	NA	0.50	NA	1.00	0.50	0.43	0.51	0.52	NA	0.82	0.69	0.80	0.67	0.83	0.33	0.57	0.55	0.60	0.40	0.61	0.56	0.67	0.75	1.00	NA	0.80	1.00	0.50	NA	0.50	NA	0.50	0.50	0.53	0.60	0.50	0.83	0.90	0.50	NA	0.62	NA	0.50	0.45	0.45	0.54	0.52	0.71	0.53	0.80	0.53	0.38	NA	0.80	NA	0.67	NA	0.75	0.67	0.67	0.67	0.75	NA	NA	NA	NA	0.52	1.00	1.00	0.67	0.55	0.57	0.80	0.57	0.80	0.33	0.50	0.62	NA	0.67	0.50	0.33	0.50	NA	0.73	0.50	0.55	0.53	0.65	0.73	1.00	0.40	0.60	0.80	0.50	0.50	0.67	0.62	0.33	0.55	0.45	0.51	0.73	0.54	NA	0.75	0.65	0.69	0.75	1.00	1.00	0.75	0.40	NA	1.00	NA	0.67	0.56	0.70	0.67	0.73	1.00	0.64	0.50	NA	0.50	0.80	NA	NA	NA	1.00	0.50
ran_93.txt	NA	0.75	NA	NA	0.75	0.38	0.48	0.50	NA	0.57	0.52	0.75	0.75	0.50	0.80	0.61	0.60	0.60	0.80	0.57	0.67	NA	0.75	0.50	NA	0.75	NA	0.67	1.00	0.42	NA	0.67	0.60	0.71	0.60	0.60	0.88	0.56	0.60	NA	0.56	NA	0.50	0.67	0.64	0.60	0.50	0.60	0.65	0.67	0.56	0.81	NA	0.67	NA	0.50	NA	0.50	0.50	0.60	1.00	1.00	NA	NA	NA	NA	0.70	0.67	0.50	0.50	0.61	0.58	0.62	0.50	0.50	0.50	0.33	0.73	1.00	0.67	0.80	0.75	0.75	NA	0.50	0.68	0.55	0.61	0.57	0.65	1.00	0.50	0.67	0.50	0.50	0.50	0.71	0.56	0.57	0.66	0.45	0.49	1.00	0.49	NA	0.33	0.69	0.48	1.00	NA	0.67	0.50	0.80	NA	0.67	NA	0.67	0.55	0.80	0.33	0.42	0.50	0.62	0.67	NA	0.50	1.00	NA	NA	NA	1.00	0.60
ran_94.txt	NA	0.75	NA	0.67	0.71	0.78	0.56	0.50	NA	0.55	0.56	0.60	0.33	0.75	0.50	0.54	0.53	0.80	1.00	0.71	0.65	0.50	0.67	0.50	NA	0.67	1.00	0.50	0.50	0.60	NA	0.50	0.75	0.53	0.67	0.74	0.62	0.55	0.71	NA	0.89	NA	1.00	0.50	0.56	0.52	0.67	0.40	0.60	0.42	0.55	0.58	NA	0.60	NA	0.50	NA	0.75	1.00	0.60	1.00	1.00	NA	NA	NA	NA	0.54	0.80	0.67	1.00	0.64	0.58	0.57	0.88	0.67	1.00	1.00	0.60	0.50	0.75	0.80	0.50	0.50	NA	0.83	0.60	0.61	0.54	0.55	0.59	1.00	0.40	1.00	0.60	0.60	0.67	0.38	0.50	0.50	0.61	0.60	0.48	0.55	0.66	NA	0.67	0.61	0.39	0.33	NA	NA	0.60	0.60	NA	0.50	NA	0.60	0.62	0.60	1.00	0.62	0.50	0.60	0.50	NA	0.50	0.33	NA	NA	NA	0.67	0.83
ran_95.txt	NA	0.50	NA	0.67	0.67	0.38	0.56	0.54	NA	0.50	0.58	0.60	0.50	0.71	0.50	0.53	0.52	0.40	0.80	0.43	0.54	0.50	0.75	0.67	1.00	0.60	0.50	0.67	1.00	0.75	NA	1.00	0.67	0.50	0.67	0.63	0.67	0.62	0.60	NA	0.71	NA	1.00	0.75	0.63	0.57	0.65	0.40	0.59	0.64	0.58	0.50	NA	0.50	NA	0.67	NA	1.00	0.50	0.60	NA	0.33	NA	NA	NA	NA	0.46	0.56	0.67	1.00	0.57	0.52	0.57	0.75	0.50	0.67	0.67	0.79	NA	1.00	0.60	0.83	0.67	NA	0.45	0.67	0.54	0.51	0.63	0.52	0.50	0.83	0.83	0.60	0.60	0.75	0.43	0.78	0.71	0.55	0.67	0.57	0.40	0.57	NA	0.33	0.52	0.72	0.50	0.50	0.33	0.60	1.00	NA	0.67	NA	0.86	0.60	0.73	1.00	0.80	0.67	0.60	1.00	NA	1.00	0.75	NA	NA	NA	0.67	0.50
ran_96.txt	1.00	1.00	NA	0.67	0.75	0.62	0.55	0.53	NA	0.73	0.58	0.75	1.00	0.80	0.60	0.61	0.58	0.67	0.60	0.55	0.59	0.67	0.50	0.67	NA	0.80	NA	0.67	0.50	0.55	NA	0.67	0.86	0.76	0.43	0.73	0.50	0.86	0.43	NA	0.50	NA	0.50	0.67	0.55	0.48	0.44	0.57	0.60	0.57	0.70	0.53	NA	0.60	NA	0.83	NA	0.50	1.00	0.60	1.00	1.00	NA	NA	NA	NA	0.58	0.60	1.00	0.67	0.49	0.55	0.75	0.60	0.43	1.00	NA	0.54	0.50	0.75	0.75	1.00	0.50	NA	0.62	0.54	0.56	0.64	0.57	0.50	0.50	0.50	0.75	0.50	0.80	0.50	1.00	0.83	0.43	0.63	0.58	0.50	0.50	0.50	NA	1.00	0.62	0.58	0.50	NA	1.00	0.80	0.60	NA	0.33	NA	0.86	0.60	0.70	0.50	0.50	0.67	0.75	0.67	NA	1.00	0.60	NA	NA	NA	0.50	0.50
ran_97.txt	1.00	0.50	NA	1.00	0.83	0.33	0.57	0.50	NA	0.58	0.60	0.60	0.50	0.50	0.75	0.53	0.53	0.75	0.50	0.65	0.58	0.67	0.50	0.80	1.00	0.75	0.50	0.60	1.00	0.44	NA	0.33	0.50	0.40	0.67	0.80	0.60	0.80	0.57	NA	0.60	NA	0.50	0.73	0.48	0.51	0.67	0.75	0.58	0.68	0.55	0.59	NA	0.67	NA	0.80	NA	0.75	0.67	0.80	1.00	0.50	NA	NA	NA	NA	0.44	0.57	0.67	0.67	0.51	0.67	0.75	0.57	0.50	1.00	0.67	0.73	0.50	0.50	1.00	0.80	0.50	NA	0.40	0.82	0.51	0.62	0.54	0.58	0.50	0.50	0.60	0.50	0.50	0.67	0.62	0.86	0.71	0.63	0.75	0.59	0.44	0.52	NA	0.50	0.50	0.55	0.75	0.50	0.50	0.50	0.25	NA	0.67	NA	0.56	0.62	0.55	NA	0.91	0.67	0.67	1.00	NA	1.00	0.80	NA	NA	NA	1.00	0.80
ran_98.txt	1.00	1.00	NA	0.67	0.71	0.71	0.52	0.64	NA	0.46	0.46	0.60	0.75	0.29	0.60	0.48	0.57	0.67	0.50	0.59	0.51	1.00	0.40	0.80	1.00	0.60	1.00	1.00	NA	0.80	NA	1.00	0.43	0.59	0.57	0.53	0.83	0.57	0.50	NA	0.56	NA	0.50	0.55	0.62	0.58	0.62	0.50	0.67	0.60	0.64	0.61	NA	1.00	NA	0.67	NA	0.50	0.67	0.50	0.67	1.00	NA	NA	NA	NA	0.57	0.44	0.50	0.50	0.49	0.43	1.00	0.57	0.50	1.00	0.67	0.50	1.00	1.00	0.80	0.67	0.75	NA	0.50	0.64	0.54	0.70	0.62	0.80	0.75	0.80	0.60	0.50	0.67	0.83	0.50	0.71	0.50	0.61	0.92	0.54	0.56	0.59	NA	0.67	0.58	0.54	0.67	NA	1.00	0.50	0.67	NA	1.00	NA	1.00	0.70	0.75	0.67	0.73	1.00	0.45	1.00	NA	1.00	0.40	NA	NA	NA	1.00	0.75
ran_99.txt	1.00	0.50	NA	1.00	0.33	0.67	0.54	0.68	NA	0.50	0.50	0.75	0.67	0.60	0.67	0.56	0.55	0.60	0.50	0.50	0.56	0.50	0.75	0.50	1.00	0.80	NA	0.60	0.50	0.64	NA	1.00	1.00	0.67	0.80	0.58	0.50	0.50	0.50	NA	0.78	NA	NA	0.25	0.58	0.61	0.58	0.57	0.59	0.38	0.47	0.42	NA	0.60	NA	0.60	NA	0.75	0.50	0.50	0.67	0.75	NA	NA	NA	NA	0.52	0.62	1.00	1.00	0.52	0.50	0.71	0.62	0.44	0.50	1.00	0.50	0.50	0.67	1.00	0.60	1.00	NA	0.60	0.70	0.61	0.53	0.72	0.52	0.60	0.50	0.60	1.00	0.67	0.60	0.86	0.60	0.60	0.44	0.44	0.49	0.78	0.69	NA	0.67	0.65	0.66	0.67	0.50	1.00	0.80	0.80	NA	0.67	NA	0.75	0.56	1.00	0.50	0.55	0.67	0.73	1.00	NA	1.00	0.60	NA	NA	NA	0.50	1.00
