# From /Users/Daniela/Documents/CCG/GU_art_2/GO_levels/scripts/golevels_of_random_sets_v2.pl on Wed Oct  3 02:56:38 2018
# Using: /Users/Daniela/Documents/CCG/GU_art_2/GO_levels/random_sets_smgns/random_general/
# GO levels of same set are in: /Users/Daniela/Documents/CCG/GU_art_2/GO_levels_extended/results/random_gos/levels/general_random_levels.txt 
# Columns= Group name
# Rows= Random set
	AccB	AcrR	Ada	AdiY	AgaR	AidB	AlaS	AllR	AllS	AlsR	AppY	AraC	ArgP	ArgR	ArsR	AscG	AsnC	AtoC	BaeR	BasR	BetI	BirA	BluR	BolA	CadC	CaiF	Cbl	CdaR	CecR	ChbR	ComR	CpxR	Cra	CreB	CsgD	CsiR	CspA	CueR	CusR	CynR	CysB	CytR	Dan	DcuR	DeoR	DhaR	DicA	DinJ-YafQ	DnaA	DpiA	DsdC	EbgR	EnvR	EnvY	EvgA	ExuR	FabR	FadR	FeaR	FhlA	FlhDC	FliZ	FucR	Fur	GadE	GadE-RcsB	GadW	GadX	GalR	GalS	GatR	GcvA	GlcC	GlpR	GlrR	GntR	GutM	GutR	HU	HcaR	HdfR	HigA	HigB-HigA	HipAB	HipB	HyfR	HypT	IclR	IdnR	IlvY	IscR	KdgR	KdpE	LacI	LeuO	LexA	LldR	LrhA	LsrR	LysR	MalI	MalT	MarA	MarR	MatA	MazE	MazE-MazF	McbR	MelR	MetJ	MetR	MhpR	Mlc	MlrA	MngR	MntR	ModE	MprA	MqsA	MraZ	MtlR	MurR	Nac	NadR	NagC	NanR	NarL	NarP	NemR	NhaR	NikR	NimR	NorR	NrdR	NsrR	NtrC	OmpR	OxyR	PaaX	PdeL	PdhR	PepA	PgrR	PhoB	PhoP	PrpR	PspF	PurR	PutA	PuuR	QseB	RbsR	RcdA	RclR	RcnR	RcsAB	RcsB	RcsB-BglJ	RelB	RelB-RelE	RhaR	RhaS	Rob	RstA	RtcR	RutR	SdiA	SgrR	SlyA	SoxR	SoxS	StpA	SutR	TdcA	TdcR	TorR	TreR	TrpR	TyrR	UhpA	UidR	UlaR	UvrY	UxuR	XapR	XylR	YdeO	YedW	YefM	YefM-YoeB	YehT	YeiL	YiaJ	YjjQ	YpdB	YqhC	YqjI	ZntR	ZraR	Zur
ran_1.txt	1.00	0.82	1.00	0.43	0.50	NA	NA	0.50	0.67	0.75	0.43	0.78	0.45	0.50	0.33	0.67	0.75	0.50	0.50	0.62	1.00	0.80	0.67	0.50	0.50	0.70	0.83	0.67	0.75	0.67	NA	0.51	0.57	0.67	0.76	0.75	NA	0.40	0.50	1.00	0.54	0.58	1.00	0.50	0.80	0.33	0.40	1.00	0.75	0.78	1.00	NA	1.00	NA	0.67	1.00	NA	0.48	1.00	0.62	0.65	0.71	0.33	0.56	0.48	0.50	0.40	0.48	0.50	0.33	1.00	0.60	0.50	0.88	0.40	0.44	0.50	0.83	0.43	0.40	0.60	0.50	0.50	0.67	0.80	0.70	0.40	0.50	0.33	0.50	0.56	1.00	0.75	NA	0.46	0.62	0.67	0.67	0.50	0.50	0.50	0.88	0.70	0.50	0.71	NA	0.67	1.00	0.67	0.42	0.60	0.60	0.43	0.67	0.67	0.75	0.78	0.50	0.60	0.62	0.50	0.67	0.47	0.67	0.54	0.62	0.60	0.54	0.50	0.33	0.80	NA	0.67	0.57	0.49	0.51	0.61	0.64	0.36	NA	0.45	1.00	0.33	0.57	0.51	0.60	0.60	0.48	NA	0.57	0.67	0.71	0.62	0.67	0.50	0.46	0.67	0.46	0.67	1.00	0.50	0.80	0.60	0.33	NA	0.42	0.50	0.38	NA	0.50	0.53	0.43	0.40	0.67	0.50	0.45	NA	0.55	0.44	NA	1.00	0.67	0.75	0.43	0.50	0.50	0.58	0.64	0.50	1.00	NA	NA	0.56	0.43	NA	NA	0.50	NA	0.67	0.50
ran_10.txt	0.50	0.67	1.00	0.38	0.30	NA	NA	0.57	1.00	0.60	0.56	0.46	0.38	0.37	NA	0.50	0.67	0.50	0.62	0.67	0.50	0.75	0.50	0.50	0.67	0.71	0.57	0.50	0.50	0.67	NA	0.50	0.63	0.75	0.52	0.40	1.00	0.57	0.58	0.75	0.72	0.50	1.00	0.57	0.60	0.50	0.33	0.33	0.50	0.80	0.67	NA	1.00	0.50	0.41	0.71	NA	0.71	0.50	0.56	0.49	0.59	0.50	0.56	0.64	0.80	0.50	0.50	0.88	0.62	0.60	0.75	0.71	0.50	0.40	0.64	1.00	0.50	0.44	0.50	0.67	0.50	0.50	0.75	0.33	0.73	0.45	1.00	0.83	0.50	0.64	1.00	0.50	0.50	0.77	0.50	NA	0.50	0.60	1.00	1.00	0.50	0.53	0.50	0.29	1.00	NA	1.00	0.33	0.46	0.50	0.50	0.75	0.62	1.00	0.75	0.55	0.67	0.67	0.57	0.50	0.50	0.57	1.00	0.59	0.67	0.49	0.51	0.67	0.50	0.75	1.00	1.00	0.71	0.50	0.55	0.39	0.52	0.67	NA	0.58	1.00	0.50	0.52	0.56	0.50	0.60	0.59	0.50	0.80	0.50	0.50	0.43	1.00	0.50	0.54	0.68	0.33	0.67	0.67	0.50	1.00	0.45	0.60	NA	0.69	0.50	1.00	NA	0.67	0.52	0.60	0.40	0.80	0.83	0.50	1.00	0.64	0.78	NA	0.67	0.50	1.00	0.71	1.00	0.33	0.50	0.78	1.00	0.50	NA	NA	0.50	0.75	NA	NA	0.50	NA	1.00	0.83
ran_100.txt	0.50	0.50	0.50	0.60	0.56	NA	NA	0.57	1.00	1.00	0.43	1.00	0.56	0.64	0.67	0.75	0.75	0.67	0.50	0.55	0.50	0.50	1.00	0.50	0.67	0.60	0.78	0.50	0.40	0.67	NA	0.50	0.69	0.50	0.44	1.00	0.50	0.50	0.82	0.75	0.58	0.89	0.67	0.56	0.67	0.50	0.62	0.67	0.70	0.57	0.50	NA	0.50	NA	0.50	0.57	0.50	0.55	0.50	0.57	0.63	0.74	0.50	0.60	0.64	0.50	0.69	0.41	0.71	0.67	0.60	0.67	0.40	0.86	0.80	0.80	0.57	0.71	0.44	0.75	0.50	NA	1.00	0.50	1.00	0.62	0.45	0.67	0.67	1.00	0.68	NA	1.00	1.00	0.59	0.59	0.33	0.67	0.88	1.00	1.00	0.67	0.44	0.50	0.40	0.50	0.67	0.67	0.50	0.77	1.00	0.50	0.50	0.67	0.67	0.80	0.63	0.83	0.86	0.41	0.33	1.00	0.53	0.67	0.60	0.44	0.54	0.68	0.50	0.57	0.50	1.00	0.67	0.44	0.59	0.59	0.53	0.50	0.54	NA	0.60	NA	0.71	0.62	0.57	0.67	0.43	0.46	NA	0.60	0.75	0.60	0.44	0.33	1.00	0.53	0.55	0.55	1.00	1.00	0.50	0.50	0.55	0.67	0.50	0.69	0.80	0.67	NA	1.00	0.62	0.50	1.00	0.50	0.80	0.75	1.00	0.45	0.75	NA	0.75	0.83	0.60	0.43	NA	1.00	0.61	0.67	0.50	NA	NA	NA	0.44	0.60	NA	1.00	0.50	NA	0.67	0.50
ran_11.txt	1.00	0.62	0.33	0.43	0.44	NA	NA	0.56	0.50	0.60	0.57	0.45	0.54	0.49	0.67	0.40	0.67	0.75	0.57	0.62	0.75	0.75	0.75	NA	0.67	0.62	0.43	0.40	0.40	1.00	NA	0.53	0.57	0.60	0.43	1.00	NA	0.67	0.55	0.67	0.55	0.45	1.00	0.50	0.67	1.00	0.57	0.50	0.64	0.67	0.67	0.50	1.00	NA	0.50	0.56	0.50	0.55	0.50	0.61	0.44	0.44	0.67	0.50	0.60	0.38	0.43	0.70	0.62	0.43	0.67	0.50	0.67	0.57	0.60	0.45	0.67	0.57	0.86	0.33	0.75	1.00	1.00	0.60	0.67	0.58	0.78	0.33	0.75	NA	0.48	1.00	0.33	1.00	0.39	0.41	1.00	0.75	0.89	1.00	1.00	0.60	0.50	0.67	0.43	0.67	0.33	NA	0.67	0.40	0.75	0.40	0.50	0.67	NA	0.60	0.46	0.83	0.57	0.50	1.00	1.00	0.67	0.50	0.63	0.45	0.56	0.47	1.00	0.86	0.50	NA	0.67	0.43	0.54	0.66	0.43	0.41	0.54	NA	0.54	1.00	0.43	0.56	0.51	0.60	0.75	0.69	1.00	0.60	1.00	0.50	0.38	0.67	0.67	0.57	0.55	0.62	1.00	0.67	0.50	0.40	0.67	0.57	1.00	0.62	0.60	0.57	NA	1.00	0.47	0.83	0.60	0.43	0.50	0.44	1.00	0.45	0.45	NA	0.75	0.25	0.75	0.67	NA	1.00	0.47	0.70	0.50	NA	NA	NA	0.83	0.62	NA	1.00	0.50	NA	0.50	0.60
ran_12.txt	NA	0.71	0.50	0.50	0.60	NA	NA	0.75	0.67	0.67	0.50	0.57	0.50	0.66	1.00	0.60	0.75	0.67	0.57	0.50	0.67	0.50	0.50	0.50	0.50	0.67	0.89	0.67	0.75	0.40	NA	0.61	0.45	0.60	0.65	0.50	0.50	0.67	0.45	0.33	0.54	0.62	1.00	0.50	NA	0.75	0.38	0.67	0.67	0.56	0.33	1.00	NA	1.00	0.53	0.57	NA	0.50	1.00	0.54	0.58	0.67	0.80	0.53	0.50	0.83	0.57	0.50	0.50	0.62	0.40	0.50	0.50	0.44	0.80	0.55	0.50	0.60	0.78	0.50	1.00	NA	NA	0.60	0.40	0.62	0.50	0.67	0.83	0.50	0.50	NA	0.67	0.67	0.47	0.61	0.67	0.25	0.71	0.50	1.00	0.57	0.56	NA	0.57	0.33	NA	0.50	0.67	0.75	0.60	0.67	0.38	0.38	0.67	0.75	0.43	0.80	0.43	0.57	1.00	NA	0.69	0.67	0.53	0.60	0.50	0.57	0.67	0.60	0.40	0.50	NA	0.57	0.61	0.65	0.38	0.66	0.67	NA	0.50	0.50	0.57	0.58	0.59	0.75	0.43	0.46	0.50	0.67	1.00	0.67	0.43	0.67	0.67	0.67	0.64	0.64	1.00	0.33	1.00	0.50	0.47	0.60	1.00	0.62	0.75	0.62	NA	1.00	0.69	0.33	1.00	0.50	0.86	0.55	1.00	0.64	0.50	NA	0.75	1.00	0.40	0.50	1.00	0.57	0.59	0.64	0.50	1.00	NA	NA	0.40	0.50	NA	0.50	0.50	NA	0.50	0.33
ran_13.txt	1.00	0.64	0.50	1.00	0.78	NA	NA	0.86	1.00	0.50	0.78	0.64	0.75	0.65	NA	1.00	0.67	0.50	0.71	0.50	0.50	0.67	1.00	1.00	0.50	0.88	0.50	0.70	0.67	0.80	NA	0.58	0.46	1.00	0.38	0.60	NA	0.33	0.67	0.67	0.54	0.58	0.67	0.43	0.75	0.67	0.43	0.33	0.45	0.50	0.50	0.50	0.50	NA	0.43	0.71	0.50	0.47	NA	0.58	0.61	0.50	0.60	0.59	0.75	0.67	0.62	0.54	0.56	0.75	0.50	0.67	1.00	0.57	0.50	0.44	0.57	0.83	0.88	0.75	0.60	0.50	0.50	0.50	0.50	0.78	0.44	0.75	0.83	NA	0.59	0.50	0.75	0.67	0.47	0.48	0.67	1.00	0.67	1.00	0.67	0.67	0.48	0.33	0.75	0.67	1.00	0.50	1.00	0.54	0.80	0.60	0.67	0.71	NA	0.50	0.54	0.80	0.50	0.73	0.50	0.50	0.39	0.75	0.55	0.45	0.46	0.57	0.50	0.80	0.40	0.50	0.67	0.62	0.52	0.54	0.44	0.45	0.40	NA	0.48	0.50	0.40	0.51	0.48	0.50	0.86	0.56	1.00	0.57	0.67	0.43	0.62	0.67	1.00	0.43	0.62	0.62	0.50	1.00	1.00	0.50	0.71	0.62	1.00	0.77	0.67	0.80	NA	NA	0.56	0.60	1.00	0.20	0.60	0.64	0.50	0.33	0.58	NA	0.67	0.83	1.00	0.75	1.00	0.33	0.56	0.38	NA	1.00	NA	NA	0.57	0.71	NA	1.00	0.50	NA	NA	0.75
ran_14.txt	0.50	0.71	0.75	0.57	0.60	NA	NA	0.43	1.00	0.40	0.62	0.86	0.50	0.59	0.67	1.00	0.75	0.67	0.57	0.55	1.00	0.60	0.75	1.00	0.50	0.83	0.75	0.50	0.80	0.40	NA	0.55	0.60	0.50	0.35	0.50	NA	0.50	0.45	0.67	0.52	0.64	0.25	0.50	0.80	0.33	0.62	1.00	0.50	0.67	0.67	1.00	1.00	NA	0.67	0.57	NA	0.76	0.50	0.71	0.42	0.72	0.80	0.51	0.65	0.33	0.45	0.60	0.50	0.60	0.60	0.50	0.67	0.38	1.00	0.67	0.50	1.00	0.56	0.67	0.60	0.50	NA	0.60	0.40	0.45	0.54	0.33	0.67	1.00	0.71	0.50	0.33	1.00	0.59	0.49	0.67	0.50	0.88	0.50	0.33	0.44	0.69	0.67	0.60	0.50	0.67	0.33	1.00	0.46	0.80	0.80	0.60	0.75	1.00	0.75	0.63	0.60	0.50	0.62	1.00	0.33	0.56	0.67	0.47	0.56	0.58	0.69	0.67	0.60	1.00	1.00	0.67	1.00	0.56	0.65	0.89	0.53	0.60	NA	0.62	1.00	0.57	0.68	0.62	0.80	0.67	0.62	NA	0.67	1.00	0.62	0.75	1.00	1.00	0.62	0.33	0.64	1.00	1.00	0.50	0.75	0.62	0.60	1.00	0.56	1.00	0.56	NA	0.33	0.39	0.80	0.80	0.67	0.50	0.60	0.50	0.62	0.38	NA	1.00	0.50	0.40	0.50	NA	0.57	0.47	0.70	0.50	0.50	NA	NA	0.40	0.56	NA	1.00	0.50	NA	1.00	0.40
ran_15.txt	0.50	0.40	0.67	0.67	0.44	NA	NA	0.57	1.00	0.50	0.50	0.55	0.46	0.62	0.50	0.40	0.50	1.00	0.62	0.55	0.50	0.33	1.00	1.00	0.33	0.57	0.57	0.57	0.80	0.50	NA	0.59	0.54	0.50	0.72	0.60	1.00	0.67	0.73	0.67	0.60	0.44	0.50	0.67	1.00	0.50	0.71	0.67	0.38	0.78	0.67	0.50	0.50	0.50	0.47	0.57	1.00	0.70	1.00	0.52	0.57	0.47	0.60	0.63	0.48	0.71	0.50	0.52	0.56	0.50	0.67	0.50	0.80	0.62	0.80	0.60	0.50	0.57	0.38	0.80	0.67	0.50	1.00	0.60	0.60	0.58	0.75	0.50	0.50	NA	0.48	1.00	0.75	0.33	0.47	0.52	0.67	0.50	0.50	0.50	1.00	0.43	0.47	0.67	0.43	0.67	1.00	1.00	NA	0.64	0.50	1.00	0.67	0.67	0.50	0.60	0.58	0.60	0.57	0.57	0.50	1.00	0.38	0.67	0.37	0.60	0.61	0.49	0.67	0.50	0.60	1.00	0.67	0.57	0.51	0.63	0.69	0.48	0.71	NA	0.67	0.50	0.86	0.60	0.54	0.67	0.50	0.64	1.00	0.67	0.50	0.50	0.62	0.67	0.67	0.70	0.52	0.75	0.33	0.50	NA	0.75	0.45	0.67	0.50	0.79	0.60	0.75	NA	1.00	0.50	0.29	0.50	0.83	0.71	0.62	1.00	0.50	0.75	NA	0.50	0.50	0.60	0.43	NA	0.50	0.42	0.73	NA	0.50	NA	NA	0.33	0.71	NA	1.00	1.00	NA	0.67	0.67
ran_16.txt	1.00	0.60	0.67	0.29	0.55	NA	NA	0.67	0.67	0.40	0.50	0.67	0.40	0.52	1.00	0.75	0.25	0.67	0.38	0.60	0.75	0.60	0.50	0.50	0.67	0.70	0.44	0.60	0.67	0.50	NA	0.58	0.61	0.60	0.59	0.33	0.50	0.50	0.55	0.50	0.60	0.73	0.33	0.57	0.67	0.75	0.43	1.00	0.55	0.67	NA	NA	NA	1.00	0.60	0.50	NA	0.68	1.00	0.61	0.57	0.50	0.80	0.50	0.42	0.43	0.54	0.54	0.50	0.56	0.75	0.60	1.00	0.62	0.60	0.64	0.83	0.50	0.60	0.50	0.40	1.00	0.50	1.00	0.60	0.83	0.73	0.75	0.60	1.00	0.62	NA	0.50	0.67	0.67	0.67	1.00	0.67	1.00	0.50	NA	0.78	0.56	0.67	0.50	0.50	1.00	0.67	0.67	0.73	0.40	0.40	0.56	0.56	1.00	0.80	0.58	0.60	0.40	0.57	0.67	0.67	0.68	0.50	0.43	0.64	0.48	0.57	1.00	0.57	0.67	NA	1.00	0.57	0.57	0.58	0.37	0.62	0.50	NA	0.48	0.67	0.62	0.52	0.49	0.75	0.83	0.50	1.00	0.57	0.75	0.67	0.62	1.00	1.00	0.53	0.61	0.64	0.50	1.00	1.00	0.80	0.61	0.67	NA	0.60	0.75	0.78	NA	1.00	0.55	0.50	1.00	0.50	0.67	0.55	NA	0.62	0.56	NA	0.33	0.40	1.00	0.71	1.00	0.86	0.67	0.55	1.00	1.00	NA	NA	0.56	0.67	NA	0.50	NA	NA	0.50	0.40
ran_17.txt	1.00	0.64	0.50	0.83	0.78	NA	NA	0.75	1.00	0.50	0.71	0.50	0.64	0.55	NA	0.60	0.67	0.25	0.43	0.40	0.75	0.60	0.67	0.50	0.50	0.40	0.43	0.75	0.50	0.60	NA	0.61	0.61	0.75	0.59	0.60	NA	0.60	0.67	0.67	0.52	0.50	1.00	0.62	0.60	0.50	0.50	1.00	0.64	0.67	1.00	NA	1.00	1.00	0.35	0.56	1.00	0.39	0.50	0.47	0.67	0.47	0.60	0.59	0.65	0.57	0.55	0.52	0.50	0.67	0.60	0.40	0.57	0.50	0.75	0.56	0.71	0.57	0.67	0.50	0.67	0.50	1.00	0.60	0.67	0.40	0.64	0.67	0.75	NA	0.54	NA	0.50	0.67	0.67	0.77	0.67	0.33	0.62	0.50	0.33	0.50	0.52	0.67	0.75	1.00	0.33	0.50	0.67	0.42	0.40	0.83	0.43	0.78	0.50	0.80	0.57	1.00	0.57	0.64	0.50	0.67	0.41	0.50	0.54	0.40	0.51	0.59	0.33	0.80	0.83	0.50	1.00	0.44	0.60	0.60	0.53	0.48	0.46	NA	0.58	0.50	0.86	0.43	0.59	0.67	0.50	0.62	0.50	0.60	1.00	0.50	0.43	0.50	0.50	0.50	0.74	0.46	NA	0.33	0.50	0.80	0.57	0.50	NA	0.47	0.80	0.60	NA	NA	0.56	0.50	0.50	0.33	0.75	0.44	0.50	0.70	0.75	NA	0.50	0.60	0.60	0.88	0.50	0.83	0.53	0.80	0.50	1.00	NA	NA	0.86	0.62	NA	1.00	NA	NA	0.50	0.50
ran_18.txt	1.00	0.75	0.33	0.50	0.60	NA	NA	0.50	0.67	0.80	0.75	0.45	0.75	0.59	1.00	0.75	0.33	0.67	0.83	0.55	0.50	0.80	1.00	NA	0.50	0.50	0.44	0.44	0.33	0.60	NA	0.54	0.46	0.75	0.55	0.50	0.50	0.50	0.40	0.50	0.62	0.64	0.67	0.86	0.40	0.50	0.60	0.67	0.67	0.56	1.00	NA	NA	0.50	0.64	0.62	1.00	0.47	1.00	0.67	0.53	0.56	0.33	0.58	0.50	0.43	0.36	0.54	0.33	0.62	1.00	0.67	0.86	0.44	0.80	0.70	0.50	0.60	0.62	0.50	0.50	0.50	NA	0.60	0.80	0.60	0.67	1.00	0.67	1.00	0.50	NA	0.67	0.67	0.60	0.55	0.67	0.67	0.75	0.50	0.67	0.70	0.52	0.50	0.67	1.00	0.67	0.67	1.00	0.60	1.00	0.75	0.56	0.75	0.67	0.75	0.46	0.60	0.86	0.67	1.00	1.00	0.53	0.33	0.39	0.67	0.51	0.62	0.67	0.60	0.67	0.50	NA	0.75	0.56	0.41	0.78	0.56	0.55	NA	0.71	0.67	0.50	0.43	0.64	0.75	0.33	0.41	1.00	0.50	0.50	0.71	0.67	1.00	NA	0.46	0.37	0.47	0.50	0.50	1.00	0.67	0.73	0.44	0.50	0.70	0.50	0.71	NA	1.00	0.60	0.40	0.60	0.86	0.67	0.75	NA	0.67	0.50	NA	0.67	0.43	0.60	0.67	1.00	0.57	0.67	0.57	1.00	1.00	NA	NA	0.50	0.75	NA	1.00	1.00	NA	0.67	0.60
ran_19.txt	NA	0.67	1.00	0.50	0.71	NA	NA	0.75	0.67	0.50	0.62	0.45	0.57	0.58	0.67	0.75	0.67	0.33	0.57	0.73	0.50	0.60	0.67	1.00	0.50	0.78	0.71	0.33	0.50	0.50	NA	0.64	0.59	0.80	0.53	1.00	0.50	0.43	0.70	0.75	0.64	0.42	0.50	0.43	0.60	0.50	0.86	0.67	0.56	0.44	0.50	NA	1.00	1.00	0.64	0.38	NA	0.71	NA	0.64	0.52	0.65	0.67	0.46	0.64	0.57	0.57	0.62	0.62	0.57	0.67	0.75	0.50	0.57	0.60	0.78	0.67	0.50	0.57	1.00	0.60	NA	NA	0.75	0.50	0.60	0.50	0.50	0.83	NA	0.68	NA	0.67	1.00	0.45	0.47	0.67	0.33	0.43	NA	0.67	0.30	0.63	0.50	1.00	0.50	0.50	0.67	1.00	0.50	1.00	0.60	0.56	0.50	0.50	1.00	0.63	0.67	1.00	0.69	0.50	1.00	0.53	1.00	0.71	0.50	0.62	0.54	0.33	0.43	0.67	NA	0.67	0.44	0.65	0.68	0.63	0.66	0.44	NA	0.53	0.50	0.71	0.61	0.37	0.75	0.50	0.40	1.00	0.80	0.50	0.40	0.60	1.00	0.50	0.73	0.55	0.46	1.00	0.67	0.50	0.50	0.67	0.43	1.00	0.60	0.60	0.67	NA	0.50	0.47	0.60	0.80	0.57	0.71	0.36	1.00	0.40	0.60	NA	0.50	0.50	0.50	0.62	0.50	0.50	0.62	0.73	1.00	0.50	NA	NA	0.50	0.38	NA	1.00	0.50	NA	1.00	0.83
ran_2.txt	0.50	0.71	0.75	0.50	0.50	NA	NA	0.62	0.33	0.50	0.83	0.42	0.38	0.59	0.50	0.80	0.67	1.00	0.57	0.75	0.67	0.75	0.67	0.50	0.67	0.56	0.62	0.88	0.50	0.75	NA	0.53	0.59	0.67	0.58	0.50	1.00	0.60	0.64	0.67	0.60	0.70	0.50	0.86	1.00	0.50	0.62	0.50	0.50	0.33	0.50	NA	0.50	1.00	0.50	0.78	1.00	0.47	0.50	0.64	0.68	0.47	0.57	0.62	0.62	0.71	0.42	0.43	0.44	0.50	0.60	0.50	0.71	0.50	0.75	0.55	0.43	0.80	0.38	0.67	0.60	1.00	1.00	1.00	0.60	0.50	0.56	1.00	1.00	NA	0.60	NA	0.67	NA	0.50	0.62	1.00	1.00	0.57	1.00	0.67	0.44	0.66	0.67	0.50	1.00	NA	0.50	0.67	0.50	0.40	0.83	0.62	0.50	1.00	0.60	0.44	0.75	0.57	0.43	1.00	0.33	0.47	0.67	0.66	0.50	0.55	0.55	0.67	0.67	0.80	0.50	0.50	0.71	0.60	0.51	0.50	0.56	0.42	NA	0.47	1.00	0.43	0.56	0.69	0.75	0.43	0.54	0.50	0.43	0.67	0.43	0.57	0.67	1.00	0.75	0.55	0.57	0.33	0.33	0.50	0.60	0.64	0.50	1.00	0.62	0.40	0.50	NA	0.67	0.64	1.00	1.00	0.60	0.60	0.67	1.00	0.67	0.50	NA	1.00	0.60	1.00	0.67	0.50	0.40	0.53	0.60	1.00	0.50	NA	NA	0.62	0.86	NA	NA	NA	NA	1.00	0.67
ran_20.txt	0.50	0.50	1.00	0.60	0.67	NA	NA	0.38	0.33	0.80	0.78	0.67	0.67	0.68	1.00	0.67	0.67	0.75	0.60	0.67	0.75	0.67	0.50	0.50	1.00	0.56	0.50	0.75	0.80	0.67	NA	0.52	0.61	0.25	0.50	0.50	0.50	0.75	0.50	0.50	0.58	0.42	0.67	0.71	0.67	1.00	0.57	0.67	0.64	0.67	0.67	1.00	0.50	0.50	0.43	0.62	0.50	0.55	1.00	0.57	0.53	0.50	1.00	0.52	0.68	0.78	0.64	0.70	0.60	0.75	0.50	0.67	0.50	0.38	1.00	0.60	0.60	0.80	0.44	0.83	0.80	1.00	0.50	0.50	0.60	0.67	0.55	0.67	0.80	1.00	0.57	1.00	1.00	1.00	0.53	0.57	1.00	1.00	0.57	0.50	1.00	0.56	0.62	0.33	0.67	0.33	1.00	0.75	1.00	0.36	0.75	0.60	0.67	0.56	0.50	0.33	0.49	0.40	0.71	0.57	0.67	1.00	0.37	0.33	0.63	0.45	0.60	0.61	0.67	0.80	0.50	1.00	0.67	0.50	0.56	0.67	0.65	0.50	0.42	NA	0.55	1.00	0.29	0.51	0.57	0.40	0.43	0.74	1.00	1.00	0.25	0.38	0.44	0.67	1.00	0.71	0.55	0.77	0.50	0.50	1.00	0.75	0.46	1.00	1.00	0.46	0.50	0.60	NA	0.67	0.62	0.50	0.80	0.80	0.80	0.44	0.50	0.38	0.90	NA	0.67	0.80	1.00	0.38	1.00	0.67	0.56	0.45	0.50	1.00	NA	NA	0.50	0.75	NA	1.00	1.00	NA	0.67	0.50
ran_21.txt	1.00	0.71	1.00	0.67	0.62	NA	NA	0.78	0.50	0.60	0.44	0.46	0.50	0.56	0.50	0.50	0.75	0.25	0.75	0.45	0.50	0.80	0.50	0.50	0.33	0.50	0.50	0.43	0.40	0.75	NA	0.57	0.57	0.33	0.60	0.33	0.50	0.75	0.56	0.50	0.61	0.54	0.50	0.62	0.83	0.75	0.62	0.50	0.67	0.67	0.67	1.00	0.50	NA	0.50	0.80	0.50	0.35	1.00	0.54	0.59	0.61	0.80	0.48	0.62	0.75	0.69	0.70	0.67	0.78	0.50	1.00	1.00	0.43	0.80	0.56	0.50	0.57	0.50	0.60	0.50	NA	NA	0.40	0.80	0.55	0.58	0.50	1.00	1.00	0.38	1.00	0.67	0.67	0.78	0.50	1.00	0.50	0.75	1.00	0.50	0.60	0.64	0.33	0.62	0.67	0.67	0.75	0.50	0.69	0.75	1.00	0.67	0.40	0.33	0.75	0.62	0.67	0.60	0.50	NA	0.50	0.62	1.00	0.52	0.44	0.62	0.66	0.33	0.67	0.83	0.50	1.00	0.62	0.55	0.59	0.60	0.52	0.57	NA	0.53	0.67	0.67	0.65	0.60	0.40	0.71	0.54	0.50	0.71	0.67	0.67	0.33	0.50	0.67	0.60	0.47	0.50	NA	0.67	NA	0.60	0.62	0.78	1.00	0.53	0.40	0.75	NA	0.33	0.66	0.50	0.50	0.67	0.83	0.56	0.50	0.55	0.44	NA	0.67	0.25	0.50	0.43	NA	1.00	0.62	0.55	0.50	NA	NA	NA	0.44	0.44	NA	0.50	NA	NA	1.00	0.67
ran_22.txt	0.50	0.50	0.50	0.50	0.62	NA	NA	0.50	0.67	0.67	1.00	0.69	0.77	0.85	0.67	0.75	0.67	0.50	0.33	0.54	0.75	0.40	0.75	1.00	NA	0.67	0.43	0.75	1.00	0.50	NA	0.71	0.62	1.00	0.56	0.50	1.00	0.50	0.80	1.00	0.48	0.60	0.33	0.62	0.67	0.75	0.50	0.67	0.36	0.71	0.50	0.50	1.00	1.00	0.87	0.57	1.00	0.62	0.50	0.55	0.66	0.62	0.60	0.59	0.40	0.50	0.64	0.48	0.50	0.60	0.67	0.60	0.67	0.60	1.00	0.44	0.43	1.00	0.75	0.67	0.33	1.00	1.00	0.50	0.50	0.60	0.58	0.50	0.83	NA	0.42	0.50	0.67	0.67	0.56	0.54	0.50	1.00	0.50	0.50	0.67	0.67	0.55	1.00	0.57	0.50	1.00	0.50	1.00	0.64	0.50	0.67	0.60	0.60	0.33	0.33	0.54	0.80	0.86	0.53	0.67	0.67	0.39	0.67	0.51	0.62	0.49	0.78	0.67	0.80	0.75	0.50	0.67	0.50	0.62	0.50	0.53	0.48	0.56	NA	0.56	1.00	0.50	0.64	0.50	0.50	0.60	0.56	0.50	0.50	0.50	0.50	0.33	0.33	0.50	0.33	0.68	0.67	0.50	0.33	1.00	1.00	0.57	0.62	NA	0.55	0.80	0.71	NA	1.00	0.56	0.60	0.75	0.80	0.40	0.55	0.50	0.70	0.64	NA	1.00	0.67	0.60	0.71	0.50	0.60	0.60	0.67	1.00	1.00	NA	NA	0.70	0.50	NA	1.00	1.00	NA	NA	0.80
ran_23.txt	0.50	0.44	0.67	0.43	0.44	NA	NA	0.57	1.00	0.50	0.62	0.44	0.75	0.57	0.67	0.50	0.67	0.67	0.50	0.50	0.75	0.80	0.50	NA	1.00	0.38	0.43	0.75	1.00	0.60	NA	0.59	0.64	0.80	0.61	0.75	NA	0.60	0.67	0.67	0.56	0.38	1.00	0.67	0.60	0.67	0.57	0.67	0.60	0.71	1.00	0.50	1.00	1.00	0.62	0.60	NA	0.62	NA	0.44	0.56	0.44	0.67	0.47	0.59	0.62	0.54	0.60	0.71	0.50	0.75	0.60	0.67	0.50	0.75	0.90	0.43	0.83	0.50	1.00	0.67	1.00	1.00	0.80	0.50	0.75	0.40	0.75	0.67	NA	0.60	NA	0.50	0.50	0.47	0.51	0.67	1.00	0.38	NA	0.67	0.50	0.61	0.67	0.50	1.00	1.00	0.50	NA	0.58	0.50	0.75	0.57	0.33	0.67	0.75	0.62	0.50	0.62	0.35	0.50	1.00	0.59	NA	0.55	0.78	0.56	0.53	0.50	0.50	0.50	1.00	NA	0.50	0.54	0.46	0.65	0.56	0.44	NA	0.53	0.67	0.83	0.60	0.55	0.67	0.50	0.44	1.00	0.43	0.67	0.62	0.88	1.00	1.00	0.50	0.55	0.43	0.50	1.00	NA	0.67	0.64	0.86	1.00	0.86	0.50	0.50	NA	0.33	0.47	0.83	0.50	0.50	0.43	0.50	NA	0.33	0.56	NA	0.67	0.67	0.80	1.00	1.00	0.83	0.71	0.80	NA	0.50	NA	NA	0.78	0.50	NA	NA	NA	NA	0.50	0.75
ran_24.txt	NA	0.50	0.33	0.62	0.62	NA	NA	0.38	1.00	0.40	0.86	0.58	0.31	0.57	0.67	0.40	0.50	NA	0.86	0.67	0.50	0.75	0.75	0.50	0.67	0.38	0.44	0.43	1.00	1.00	NA	0.55	0.52	0.80	0.58	1.00	1.00	0.50	0.50	0.50	0.70	0.38	0.50	0.57	0.50	0.50	0.50	0.67	0.55	0.44	0.67	NA	1.00	NA	0.53	0.75	0.50	0.55	0.50	0.46	0.61	0.53	0.67	0.49	0.82	0.33	0.75	0.52	0.44	0.56	0.67	0.40	0.40	0.57	0.50	0.70	0.40	0.40	0.67	0.60	1.00	NA	NA	0.80	1.00	0.36	0.73	1.00	0.67	0.50	0.46	0.50	0.50	1.00	0.40	0.52	0.50	0.67	0.50	NA	0.67	0.60	0.52	1.00	0.50	0.67	0.67	1.00	0.33	0.54	0.40	0.33	0.56	0.67	0.67	0.50	0.54	0.40	0.60	0.36	1.00	0.33	0.53	0.50	0.53	0.40	0.45	0.55	NA	0.71	0.50	0.50	0.67	0.71	0.49	0.63	0.56	0.50	0.50	NA	0.43	0.67	0.33	0.57	0.51	0.40	0.67	0.69	0.50	1.00	0.67	0.67	0.62	0.50	0.67	0.58	0.44	0.75	1.00	0.67	0.50	0.80	0.41	0.57	NA	0.81	0.75	0.67	NA	0.67	0.53	0.50	0.80	0.43	0.86	0.82	1.00	0.60	0.67	NA	0.75	0.60	0.60	0.60	1.00	0.60	0.57	0.60	NA	NA	NA	NA	0.44	0.78	NA	NA	NA	NA	0.50	0.67
ran_25.txt	NA	0.43	0.75	0.33	0.56	NA	NA	0.67	NA	0.40	0.50	0.46	0.75	0.42	NA	1.00	0.33	0.75	0.50	0.50	0.67	0.75	0.67	0.50	0.67	0.43	0.50	0.67	0.75	0.50	NA	0.63	0.55	0.60	0.52	0.60	NA	0.60	0.67	0.67	0.62	0.44	0.75	0.62	0.60	0.33	0.60	0.33	0.78	0.57	0.67	1.00	0.50	0.50	0.50	0.62	1.00	0.53	1.00	0.50	0.57	0.35	0.60	0.49	0.57	0.33	0.73	0.77	0.67	0.80	0.40	0.60	0.50	0.56	0.60	0.33	0.50	0.83	0.57	0.40	0.75	NA	1.00	0.67	0.50	0.64	0.38	1.00	0.67	0.50	0.52	NA	1.00	0.67	0.62	0.45	0.50	1.00	0.71	NA	1.00	0.75	0.55	0.50	0.71	1.00	0.67	0.75	1.00	0.58	1.00	0.60	0.43	0.57	1.00	0.80	0.56	0.33	0.67	0.46	0.67	0.67	0.47	0.67	0.52	0.56	0.61	0.60	NA	0.83	0.50	NA	1.00	0.57	0.53	0.53	0.55	0.50	0.45	NA	0.53	1.00	1.00	0.67	0.55	0.40	0.60	0.44	NA	0.60	0.75	0.86	0.50	0.50	0.67	0.54	0.39	0.62	0.67	0.67	NA	0.40	0.52	0.62	1.00	0.73	0.40	0.50	NA	1.00	0.50	0.57	0.60	0.80	0.50	0.78	NA	0.89	0.44	NA	1.00	0.57	0.67	0.75	0.50	0.50	0.56	0.50	0.50	1.00	NA	NA	0.60	0.78	NA	NA	NA	NA	0.67	0.75
ran_26.txt	0.50	0.44	0.50	0.50	0.62	NA	NA	0.71	1.00	1.00	0.78	0.54	0.38	0.56	1.00	1.00	0.50	1.00	0.50	0.50	1.00	0.60	0.33	1.00	0.67	0.38	0.75	0.43	1.00	0.75	NA	0.40	0.61	1.00	0.59	0.80	0.50	0.80	0.42	1.00	0.55	0.73	0.50	0.62	0.60	0.33	0.71	1.00	0.62	0.33	1.00	1.00	NA	NA	0.47	0.60	NA	0.45	1.00	0.64	0.47	0.75	0.67	0.60	0.57	0.33	0.55	0.63	0.67	0.50	0.60	0.60	0.50	0.50	0.67	0.64	0.50	0.80	0.50	0.60	0.67	0.50	NA	0.80	0.50	0.60	0.44	0.33	0.83	1.00	0.56	NA	1.00	NA	0.62	0.44	0.67	0.50	0.57	1.00	1.00	0.62	0.59	0.67	0.62	0.33	0.67	0.75	0.50	0.67	0.75	0.80	0.50	0.43	0.67	0.75	0.53	0.67	0.57	0.64	NA	0.50	0.71	0.67	0.62	0.36	0.54	0.59	1.00	0.57	0.60	1.00	NA	0.62	0.50	0.50	0.31	0.57	0.50	NA	0.55	0.67	0.40	0.47	0.63	1.00	0.50	0.50	0.50	0.57	0.75	0.44	0.62	1.00	0.67	0.64	0.47	0.54	0.67	0.33	NA	0.75	0.35	0.62	0.50	0.57	0.75	0.78	NA	0.50	0.61	0.50	0.60	0.67	0.50	0.78	NA	0.44	0.50	NA	1.00	0.60	0.67	0.57	1.00	0.43	0.44	0.50	0.50	NA	NA	NA	0.50	0.44	NA	1.00	0.50	NA	0.67	0.60
ran_27.txt	NA	0.62	0.67	0.71	0.50	NA	NA	0.83	0.50	0.67	0.67	0.54	0.45	0.48	1.00	0.75	0.50	0.50	0.57	0.75	1.00	0.75	0.67	NA	0.67	0.56	0.57	0.33	0.67	0.80	NA	0.59	0.65	1.00	0.48	0.40	0.50	0.50	0.50	0.50	0.62	0.75	0.67	0.67	0.50	0.50	0.50	1.00	0.57	0.55	0.67	0.50	1.00	0.50	0.44	0.56	1.00	0.47	NA	0.62	0.47	0.53	0.75	0.55	0.54	0.56	0.67	0.57	0.70	0.44	0.60	0.40	0.43	0.50	0.50	0.50	0.50	0.83	0.56	0.33	0.50	NA	1.00	0.80	0.60	0.50	0.50	1.00	0.33	0.50	0.38	1.00	0.50	0.50	0.56	0.56	0.67	0.50	0.57	NA	0.50	0.89	0.39	1.00	0.71	0.67	0.67	1.00	0.33	0.85	0.80	1.00	0.50	0.60	1.00	0.75	0.45	0.60	0.67	0.64	0.50	NA	0.72	0.50	0.53	0.44	0.51	0.49	1.00	1.00	0.60	NA	NA	0.50	0.68	0.57	0.56	0.44	0.50	NA	0.61	1.00	0.38	0.55	0.50	0.75	0.50	0.76	NA	0.67	0.67	0.78	0.88	1.00	1.00	0.50	0.75	0.73	1.00	1.00	NA	0.25	0.59	0.67	0.50	0.43	0.60	0.57	NA	0.67	0.55	0.71	1.00	0.50	1.00	0.64	NA	0.60	0.56	NA	0.50	0.60	0.80	0.62	NA	0.29	0.75	0.45	0.50	0.50	NA	NA	0.62	0.78	NA	1.00	1.00	NA	1.00	0.67
ran_28.txt	0.50	0.56	0.50	0.60	0.57	NA	NA	0.62	0.50	0.75	0.50	0.73	0.64	0.55	0.67	0.75	1.00	0.50	0.67	0.77	0.75	0.50	0.50	0.50	1.00	0.60	0.71	0.71	0.75	0.75	NA	0.55	0.63	0.75	0.46	0.75	0.50	0.40	0.60	0.75	0.64	0.80	0.33	0.38	1.00	0.67	0.43	0.50	0.60	0.67	0.67	0.50	NA	1.00	0.59	0.57	0.50	0.58	0.50	0.56	0.57	0.48	0.71	0.58	0.67	0.50	0.69	0.42	0.62	0.90	0.80	0.75	0.67	0.56	0.40	0.55	0.83	0.80	0.60	0.40	0.50	NA	NA	1.00	0.50	0.62	0.75	0.67	0.50	NA	0.69	1.00	0.67	0.50	0.75	0.40	0.67	0.50	0.67	1.00	0.50	0.75	0.52	0.67	0.75	0.33	0.67	1.00	0.33	0.50	0.40	0.50	0.50	0.40	0.67	0.80	0.68	0.50	0.67	0.53	1.00	0.33	0.53	0.75	0.61	0.78	0.46	0.55	0.50	0.71	0.67	1.00	1.00	0.67	0.52	0.56	0.53	0.60	0.67	NA	0.67	1.00	0.50	0.47	0.44	0.50	0.33	0.68	1.00	0.75	1.00	0.50	0.67	0.50	1.00	0.70	0.54	0.50	0.33	0.50	0.50	0.60	0.70	0.40	NA	0.62	0.75	0.43	NA	0.33	0.60	0.71	0.60	0.40	0.50	0.45	1.00	0.86	0.57	NA	0.67	0.80	0.60	0.62	0.50	0.50	0.50	0.64	0.50	0.50	NA	NA	0.75	0.67	NA	0.50	0.50	NA	0.67	0.50
ran_29.txt	0.50	0.57	0.50	0.40	0.38	NA	NA	0.43	1.00	0.50	0.50	0.58	0.55	0.55	0.67	0.60	1.00	0.25	0.57	0.73	0.50	0.60	0.67	1.00	1.00	0.67	0.67	0.57	0.50	0.33	NA	0.62	0.59	0.67	0.58	0.50	1.00	0.71	0.58	0.67	0.60	0.60	0.50	0.56	0.33	1.00	0.71	1.00	0.57	0.62	1.00	0.50	0.50	1.00	0.53	0.71	0.50	0.39	0.50	0.42	0.55	0.50	0.57	0.57	0.52	0.67	0.69	0.39	0.50	0.43	0.67	0.40	1.00	0.71	0.60	0.45	0.75	0.75	0.71	0.60	0.40	NA	0.50	0.60	0.50	0.82	0.80	0.67	0.43	1.00	0.61	NA	NA	1.00	0.59	0.55	0.33	1.00	0.62	0.50	1.00	0.70	0.43	0.50	0.83	0.67	1.00	0.67	0.33	0.42	1.00	0.60	0.67	0.70	1.00	0.40	0.51	0.67	0.50	0.60	0.67	NA	0.56	1.00	0.55	0.70	0.54	0.67	0.67	0.71	0.67	NA	0.67	0.50	0.60	0.52	0.56	0.42	0.50	NA	0.55	0.67	0.57	0.49	0.60	0.75	0.43	0.60	0.50	0.71	0.67	0.56	0.44	1.00	0.50	0.50	0.59	0.62	0.33	0.67	0.50	0.67	0.61	0.78	0.50	0.47	0.60	0.56	NA	0.67	0.59	0.60	0.80	0.86	0.67	0.78	NA	0.60	0.55	NA	0.33	0.40	0.80	0.38	0.50	0.67	0.63	0.60	0.50	NA	NA	NA	0.56	0.62	NA	NA	NA	NA	0.50	0.50
ran_3.txt	0.50	0.56	0.50	0.57	0.50	NA	NA	0.67	1.00	1.00	0.62	0.58	0.31	0.72	0.67	0.67	0.67	0.67	0.67	0.67	0.75	0.75	0.50	0.50	0.50	0.50	0.75	0.67	0.60	0.50	NA	0.69	0.53	0.75	0.61	0.67	NA	0.71	0.45	0.50	0.48	0.36	0.67	0.50	0.60	1.00	0.67	0.67	0.75	0.70	0.67	1.00	1.00	1.00	0.56	0.62	1.00	0.63	NA	0.44	0.61	0.59	0.83	0.57	0.64	0.80	0.58	0.54	0.44	0.33	0.80	0.75	0.67	0.56	0.50	0.45	0.40	0.60	0.33	1.00	0.50	1.00	NA	0.50	0.50	0.45	0.60	1.00	0.50	1.00	0.55	0.50	1.00	0.50	0.50	0.50	1.00	0.50	0.50	0.50	0.50	0.67	0.54	0.50	0.57	0.50	0.67	0.67	1.00	0.73	0.25	0.75	0.44	0.57	0.67	0.80	0.53	0.75	0.60	0.50	0.67	0.33	0.72	0.67	0.65	0.43	0.55	0.64	0.50	0.83	0.67	NA	0.50	0.44	0.61	0.50	0.61	0.52	0.27	NA	0.67	0.50	0.71	0.57	0.50	1.00	0.80	0.52	1.00	0.86	0.33	0.75	0.50	0.67	0.67	0.58	0.45	0.45	0.50	0.50	1.00	0.60	0.68	0.40	1.00	0.83	0.50	0.75	NA	0.50	0.43	0.43	0.67	0.71	0.67	0.70	0.50	0.50	0.78	NA	0.75	0.50	0.50	0.75	0.50	0.86	0.50	0.58	1.00	0.50	NA	NA	0.33	0.40	NA	1.00	1.00	NA	0.67	0.50
ran_30.txt	0.50	0.50	0.67	0.33	0.56	NA	NA	0.86	1.00	0.83	1.00	0.45	0.50	0.59	1.00	0.40	0.75	0.67	0.62	0.62	0.25	0.50	1.00	NA	1.00	0.71	0.62	0.50	0.75	0.75	NA	0.53	0.56	0.80	0.54	1.00	1.00	0.50	0.45	0.75	0.65	0.57	1.00	0.71	0.60	0.50	0.40	0.50	0.55	0.67	0.67	0.50	0.50	1.00	0.88	0.43	1.00	0.62	NA	0.58	0.50	0.71	0.57	0.55	0.48	0.67	0.62	0.65	0.56	0.78	0.67	0.60	0.57	0.56	0.50	0.91	0.60	0.57	0.67	0.75	0.67	1.00	NA	0.75	0.40	0.55	0.44	0.75	0.57	NA	0.54	0.50	1.00	0.50	0.56	0.43	0.67	0.75	0.67	1.00	1.00	0.57	0.56	0.67	0.75	0.50	1.00	0.50	NA	0.64	0.50	0.67	0.43	0.83	1.00	0.67	0.55	1.00	0.57	0.47	0.67	1.00	0.44	0.67	0.52	0.60	0.55	0.62	1.00	0.83	0.60	0.50	1.00	0.88	0.51	0.56	0.56	0.61	0.60	NA	0.63	0.67	0.43	0.48	0.54	1.00	0.80	0.58	0.50	0.80	0.50	0.86	0.56	0.67	0.67	0.79	0.45	0.86	1.00	NA	0.50	0.67	0.50	0.78	NA	0.69	0.60	0.75	NA	0.67	0.50	0.29	0.75	0.75	0.43	0.88	1.00	0.45	0.58	NA	1.00	0.67	0.80	0.57	0.50	1.00	0.47	0.50	NA	0.50	NA	NA	0.80	0.50	NA	1.00	NA	NA	1.00	0.40
ran_31.txt	1.00	0.60	0.50	0.50	0.67	NA	NA	0.43	NA	1.00	0.50	0.46	0.64	0.66	0.50	0.67	0.75	0.50	0.43	0.67	0.67	0.67	0.50	NA	1.00	0.56	0.57	0.67	0.60	0.75	NA	0.41	0.51	0.25	0.50	1.00	NA	0.60	1.00	0.50	0.57	1.00	0.33	0.75	0.25	0.50	0.57	0.67	0.55	0.67	0.50	1.00	0.50	1.00	0.44	0.44	1.00	0.69	NA	0.61	0.55	0.44	0.33	0.62	0.60	0.50	0.90	0.61	0.56	0.57	0.50	0.50	0.60	0.57	1.00	0.50	0.86	0.80	0.44	0.50	1.00	0.50	1.00	0.80	0.80	0.64	0.60	0.75	0.60	0.50	0.50	0.50	1.00	1.00	0.81	0.55	1.00	0.50	0.40	1.00	0.50	0.62	0.67	0.67	0.71	0.67	0.67	0.75	1.00	0.36	0.50	0.80	0.67	0.40	0.50	0.75	0.49	0.67	0.71	0.62	0.67	1.00	0.71	NA	0.66	0.73	0.55	0.66	0.50	0.71	0.80	1.00	NA	1.00	0.61	0.43	0.62	0.43	0.56	NA	0.70	NA	0.83	0.59	0.54	0.60	0.33	0.52	NA	0.43	0.67	0.57	0.86	0.67	0.50	0.71	0.57	0.81	NA	1.00	1.00	0.80	0.68	0.44	0.50	0.33	0.33	0.67	NA	1.00	0.59	0.71	0.50	0.71	0.60	0.62	0.50	0.60	0.55	NA	1.00	0.50	0.75	1.00	1.00	0.67	0.50	0.73	1.00	NA	NA	NA	0.57	0.57	NA	0.50	NA	NA	1.00	0.50
ran_32.txt	0.50	0.44	0.50	0.86	0.62	NA	NA	0.50	NA	0.80	0.50	0.45	0.62	0.44	0.67	0.60	0.50	0.50	0.71	0.70	0.50	0.80	0.33	0.50	1.00	0.50	0.71	0.75	0.50	0.67	NA	0.60	0.62	0.40	0.59	0.60	0.50	0.50	0.78	0.75	0.60	0.75	0.75	0.71	0.60	1.00	0.67	0.50	0.67	0.70	1.00	NA	0.50	1.00	0.47	0.33	NA	0.50	1.00	0.48	0.65	0.53	0.57	0.57	0.63	0.50	0.42	0.46	0.40	0.67	0.50	0.60	0.80	0.50	1.00	0.50	0.67	0.40	0.62	0.33	1.00	NA	0.50	0.75	0.75	0.62	0.55	0.67	0.57	0.50	0.54	0.50	1.00	1.00	0.75	0.57	0.67	0.25	0.57	0.50	1.00	0.75	0.54	0.67	0.67	0.67	1.00	0.75	0.33	0.38	0.50	0.50	0.67	0.57	0.67	1.00	0.45	0.75	0.75	0.50	0.67	0.67	0.61	0.67	0.63	0.75	0.52	0.53	0.50	0.29	0.67	1.00	0.67	0.50	0.58	0.47	0.47	0.73	0.56	NA	0.54	1.00	0.50	0.60	0.54	0.50	0.80	0.50	1.00	0.43	0.67	0.67	0.44	0.67	1.00	0.55	0.59	0.83	1.00	0.33	0.50	1.00	0.57	0.90	NA	0.71	0.25	0.57	NA	NA	0.71	0.83	0.80	0.67	0.83	0.50	1.00	0.62	0.67	NA	0.50	0.75	1.00	0.38	1.00	0.50	0.59	0.70	1.00	0.50	NA	NA	0.43	0.38	NA	1.00	NA	NA	1.00	1.00
ran_33.txt	NA	0.56	0.50	0.80	0.67	NA	NA	0.67	NA	1.00	0.40	0.44	0.42	0.48	NA	0.67	0.33	1.00	0.57	0.46	0.67	1.00	1.00	NA	0.67	0.50	0.50	0.75	0.80	0.50	NA	0.57	0.52	0.75	0.58	0.60	0.50	0.80	0.67	0.67	0.41	0.60	0.75	0.67	0.50	1.00	0.29	NA	0.45	0.50	1.00	0.50	NA	NA	0.67	0.75	NA	0.73	0.50	0.71	0.64	0.61	0.40	0.50	0.50	0.75	0.58	0.54	0.33	0.33	0.50	0.60	1.00	0.50	0.60	0.73	1.00	0.40	0.57	0.60	0.60	0.50	NA	0.67	0.40	0.62	0.58	0.50	0.50	1.00	0.61	NA	0.33	0.67	0.60	0.66	1.00	0.75	0.67	1.00	1.00	0.40	0.58	0.50	0.33	1.00	0.33	0.75	1.00	0.77	0.40	0.67	0.50	0.88	1.00	0.33	0.59	0.67	0.57	0.50	1.00	0.67	0.67	1.00	0.54	0.67	0.56	0.55	1.00	0.80	0.60	1.00	0.67	0.57	0.62	0.54	0.39	0.61	0.36	NA	0.48	0.67	0.71	0.67	0.58	0.67	1.00	0.55	NA	0.50	0.75	0.60	0.60	0.67	1.00	0.62	0.61	0.42	NA	1.00	NA	0.50	0.58	0.62	1.00	0.50	0.75	0.80	NA	1.00	0.52	0.67	0.50	0.67	0.80	0.55	NA	0.45	0.67	NA	0.67	0.57	0.67	0.67	0.50	0.67	0.44	0.71	0.50	1.00	NA	NA	0.60	0.62	NA	0.50	1.00	NA	1.00	0.50
ran_34.txt	1.00	0.55	1.00	0.57	0.56	NA	NA	0.57	0.67	0.60	0.33	0.82	0.78	0.66	NA	0.75	0.75	0.50	0.86	0.70	0.50	0.33	0.67	0.50	0.50	0.60	0.44	0.86	0.60	0.60	NA	0.50	0.60	0.60	0.52	0.75	NA	0.40	0.55	0.50	0.57	0.60	0.75	0.67	1.00	0.67	0.50	1.00	0.50	0.44	NA	NA	0.50	NA	0.73	0.67	1.00	0.35	0.50	0.48	0.48	0.68	0.83	0.55	0.58	0.56	0.80	0.48	0.40	0.44	0.60	0.40	0.67	0.50	0.60	0.60	0.50	0.60	0.50	0.50	1.00	1.00	0.50	0.50	0.40	0.62	0.50	0.50	0.60	1.00	0.64	1.00	0.67	1.00	0.45	0.61	0.67	0.67	0.50	1.00	0.50	0.50	0.53	1.00	0.86	1.00	0.67	0.50	1.00	0.64	0.75	0.67	0.67	0.89	1.00	0.33	0.46	0.50	0.50	0.38	1.00	1.00	0.53	0.50	0.45	0.45	0.54	0.65	0.67	0.67	0.60	NA	NA	0.44	0.48	0.69	0.62	0.37	0.50	NA	0.48	0.67	0.62	0.54	0.67	0.60	0.60	0.35	0.50	0.50	0.33	0.67	0.62	0.50	1.00	0.53	0.57	0.82	1.00	0.33	0.50	0.50	0.64	0.29	0.50	0.60	0.50	0.83	NA	1.00	0.62	0.60	1.00	1.00	0.60	0.56	1.00	0.55	0.67	NA	0.50	0.80	1.00	1.00	NA	0.75	0.39	0.56	1.00	NA	NA	NA	0.50	1.00	NA	0.50	1.00	NA	0.33	0.75
ran_35.txt	NA	0.62	NA	0.57	0.40	NA	NA	0.60	0.50	0.50	0.71	0.55	0.45	0.56	1.00	0.67	0.67	1.00	0.33	0.70	0.67	0.80	0.67	1.00	NA	0.78	0.56	0.67	0.50	0.50	NA	0.53	0.60	0.50	0.52	0.60	0.50	1.00	0.50	0.75	0.46	0.64	0.75	0.44	0.60	0.50	0.50	NA	0.75	0.50	0.67	0.50	0.50	0.50	0.65	0.56	0.50	0.60	1.00	0.70	0.54	0.41	0.71	0.52	0.42	0.33	0.58	0.43	0.50	0.75	0.67	1.00	0.60	0.67	0.80	0.45	0.57	0.57	0.62	0.50	0.50	NA	0.50	0.50	0.50	0.44	0.92	1.00	0.80	1.00	0.65	1.00	1.00	1.00	0.76	0.44	1.00	1.00	0.57	1.00	0.50	0.57	0.52	0.33	0.50	1.00	0.67	0.75	0.33	0.77	0.75	0.67	0.38	0.75	0.67	0.50	0.54	0.80	0.62	0.67	0.67	0.67	0.58	0.50	0.57	0.50	0.61	0.60	1.00	0.75	1.00	0.50	1.00	0.57	0.52	0.58	0.60	0.55	0.71	NA	0.58	0.67	0.50	0.52	0.68	1.00	0.86	0.50	0.50	0.57	0.75	0.67	0.57	0.50	0.50	0.42	0.60	0.58	0.67	1.00	NA	0.60	0.75	0.56	1.00	0.57	0.67	0.71	NA	0.50	0.58	0.57	0.67	0.80	0.71	0.70	1.00	0.73	0.40	NA	0.67	0.43	0.80	0.75	NA	0.50	0.40	0.67	0.50	NA	NA	NA	0.56	0.75	NA	0.50	NA	NA	1.00	0.67
ran_36.txt	0.50	0.56	0.50	0.57	0.71	NA	NA	0.43	1.00	0.80	0.56	0.67	0.75	0.66	0.67	0.75	0.50	0.67	0.67	0.67	0.50	1.00	0.75	NA	1.00	0.89	0.50	0.38	0.60	0.50	NA	0.57	0.64	0.60	0.58	0.75	0.50	0.50	0.38	0.75	0.70	0.75	0.67	0.71	0.60	1.00	0.62	0.67	0.50	0.60	0.50	1.00	0.50	1.00	0.40	0.57	1.00	0.40	0.50	0.58	0.59	0.58	0.33	0.51	0.67	0.38	0.62	0.54	0.57	0.70	0.67	0.40	0.43	0.44	0.67	0.50	0.67	0.60	0.75	0.75	0.67	NA	1.00	0.50	0.50	0.70	0.36	0.75	0.67	1.00	0.56	1.00	0.75	NA	0.53	0.47	0.67	1.00	0.43	0.50	1.00	0.57	0.61	0.67	0.71	0.33	NA	0.67	1.00	0.70	0.67	1.00	0.50	0.89	0.50	0.50	0.45	0.80	0.33	0.46	NA	0.50	0.69	0.75	0.69	0.60	0.47	0.55	0.67	0.71	0.80	NA	0.67	0.78	0.51	0.40	0.47	0.53	0.50	NA	0.45	1.00	0.57	0.58	0.52	0.50	0.57	0.48	NA	0.80	0.67	0.50	0.33	0.50	0.33	0.67	0.44	0.42	0.33	1.00	0.50	0.67	0.60	0.75	0.50	0.46	0.50	0.67	NA	0.33	0.62	0.83	1.00	1.00	0.50	0.75	NA	0.55	0.80	NA	0.50	0.71	0.60	0.88	0.50	0.80	0.65	0.92	NA	0.50	NA	NA	0.50	0.43	NA	NA	0.50	NA	0.67	1.00
ran_37.txt	NA	0.67	1.00	0.57	0.73	NA	NA	0.62	1.00	0.60	0.89	0.46	0.55	0.53	1.00	0.50	0.75	0.50	0.33	0.58	0.25	0.60	0.33	NA	0.50	0.78	0.56	0.67	0.80	0.50	NA	0.62	0.69	1.00	0.65	0.50	1.00	0.75	0.60	0.75	0.56	0.33	0.50	0.38	0.75	0.50	0.71	1.00	0.64	0.44	1.00	1.00	NA	1.00	0.64	0.50	1.00	0.71	1.00	0.62	0.38	0.59	0.40	0.52	0.65	0.71	0.54	0.46	0.70	0.56	1.00	0.40	0.60	0.56	0.60	0.67	0.57	0.67	0.50	0.50	0.60	NA	NA	0.50	1.00	0.60	0.45	0.50	0.43	NA	0.50	NA	0.75	0.67	0.92	0.61	0.50	0.33	0.57	1.00	NA	0.50	0.58	0.50	0.57	0.67	1.00	1.00	0.67	0.58	0.50	0.67	0.62	0.71	0.67	0.67	0.49	0.60	0.75	0.43	0.50	0.67	0.56	0.50	0.76	0.78	0.62	0.60	0.67	0.60	0.50	NA	0.67	0.86	0.48	0.42	0.46	0.40	0.36	NA	0.41	0.67	0.43	0.50	0.45	0.50	0.86	0.64	1.00	0.50	0.50	0.50	0.86	1.00	1.00	0.50	0.64	0.75	0.33	1.00	0.50	0.50	0.41	0.67	0.50	0.47	0.50	1.00	NA	0.50	0.57	0.50	0.75	0.67	0.71	0.73	1.00	0.67	0.50	NA	1.00	0.50	0.67	0.62	0.50	0.29	0.73	0.33	NA	1.00	NA	NA	0.75	0.57	NA	1.00	1.00	NA	1.00	0.80
ran_38.txt	1.00	0.64	0.33	0.60	0.80	NA	NA	0.62	0.67	0.60	0.75	0.54	0.80	0.54	0.33	0.50	0.50	0.75	0.60	0.67	0.75	0.50	0.50	0.50	1.00	0.67	0.50	0.67	0.75	0.80	NA	0.53	0.58	0.67	0.59	0.50	NA	0.43	0.67	0.75	0.62	0.82	1.00	0.80	1.00	0.67	0.67	0.67	0.55	0.67	0.67	NA	NA	0.50	0.62	0.56	1.00	0.43	NA	0.75	0.66	0.40	0.50	0.49	0.62	0.43	0.55	0.45	0.78	0.50	0.50	0.60	0.67	0.43	0.60	0.56	0.71	0.40	0.71	0.40	0.40	1.00	NA	0.60	0.80	0.70	0.54	0.50	0.50	0.50	0.59	0.50	0.50	0.67	0.47	0.57	1.00	0.50	0.67	0.50	0.50	0.67	0.58	0.33	0.60	0.50	0.33	1.00	0.50	0.50	0.75	0.50	0.56	0.50	1.00	0.67	0.49	0.50	0.43	0.50	0.50	0.67	0.55	0.75	0.44	0.78	0.46	0.49	1.00	0.50	0.67	NA	1.00	0.56	0.61	0.48	0.53	0.63	0.38	NA	0.61	1.00	0.57	0.50	0.58	1.00	0.33	0.54	0.50	0.67	0.33	0.62	0.50	0.33	NA	0.67	0.55	0.67	0.50	0.50	1.00	0.75	0.70	0.57	0.50	0.46	1.00	0.67	NA	1.00	0.60	0.33	0.75	0.67	0.71	0.78	1.00	0.50	0.55	NA	0.75	0.67	0.33	0.86	1.00	0.67	0.62	0.50	NA	0.50	NA	NA	0.44	0.75	NA	NA	1.00	NA	1.00	0.40
ran_39.txt	NA	0.55	0.67	0.57	0.62	NA	NA	0.71	0.50	0.60	0.62	0.50	0.56	0.48	0.67	1.00	0.67	0.50	0.50	0.56	0.50	0.50	0.67	0.50	1.00	0.56	0.80	0.57	0.60	0.40	NA	0.48	0.57	1.00	0.32	0.60	0.50	0.43	0.45	0.50	0.57	0.38	0.75	0.38	0.40	1.00	0.50	0.67	0.40	0.88	0.67	NA	1.00	1.00	0.57	0.62	1.00	0.44	0.50	0.71	0.55	0.65	0.60	0.57	0.55	0.75	0.46	0.52	0.44	0.56	0.60	1.00	0.50	0.56	0.80	0.44	0.40	0.40	0.67	0.67	1.00	1.00	NA	0.67	0.67	0.55	0.50	0.67	0.57	NA	0.56	0.50	0.67	0.50	0.60	0.64	NA	0.75	0.50	1.00	0.33	0.71	0.55	0.67	0.50	0.50	0.67	0.67	1.00	0.58	0.67	0.50	0.62	0.60	0.67	0.67	0.43	0.40	0.67	0.64	1.00	0.67	0.60	0.75	0.44	0.50	0.61	0.60	0.33	0.40	0.60	NA	0.67	0.71	0.50	0.68	0.79	0.62	0.78	NA	0.58	1.00	0.83	0.63	0.52	1.00	0.67	0.68	NA	0.71	0.50	0.67	0.67	1.00	0.67	0.79	0.61	0.58	1.00	0.33	1.00	0.67	0.57	0.62	0.50	0.47	0.25	0.50	NA	0.67	0.53	0.67	0.80	0.67	0.71	0.58	NA	0.90	0.67	NA	0.75	0.71	0.50	0.83	1.00	0.33	0.63	0.64	NA	NA	NA	NA	0.50	0.67	NA	1.00	NA	NA	0.67	0.75
ran_4.txt	1.00	0.75	0.33	0.50	0.60	NA	NA	0.88	0.50	0.75	0.78	0.40	0.46	0.58	0.67	0.75	0.33	0.33	0.40	0.55	1.00	0.75	1.00	NA	NA	0.78	0.67	0.67	0.80	1.00	NA	0.48	0.55	0.75	0.43	0.60	0.50	0.33	0.43	0.67	0.42	0.36	1.00	0.44	0.75	0.67	0.67	1.00	0.50	0.50	0.67	NA	1.00	NA	0.71	0.56	0.50	0.61	0.50	0.52	0.56	0.53	0.50	0.52	0.43	0.67	0.57	0.43	0.33	0.62	0.67	0.67	1.00	0.43	0.67	0.56	0.67	0.50	0.60	0.67	1.00	0.50	NA	0.75	0.50	0.30	0.77	0.50	0.50	NA	0.52	0.50	0.67	NA	0.42	0.57	0.67	0.75	1.00	0.50	1.00	0.67	0.42	0.67	0.71	1.00	0.67	0.33	1.00	0.67	0.75	0.60	0.67	0.50	1.00	0.60	0.56	0.80	0.43	0.79	0.67	0.67	0.59	1.00	0.50	0.55	0.55	0.59	0.67	0.43	0.50	1.00	0.33	0.88	0.56	0.63	0.67	0.76	0.54	NA	0.68	0.67	0.50	0.54	0.47	0.80	1.00	0.39	NA	0.60	1.00	0.71	0.57	0.50	1.00	0.46	0.67	0.54	0.67	0.67	NA	0.50	0.65	0.80	1.00	0.64	0.60	0.80	NA	0.67	0.56	0.50	0.60	0.71	0.50	0.45	0.50	0.90	0.43	NA	1.00	0.80	0.80	0.86	NA	0.50	0.53	0.62	1.00	1.00	NA	NA	0.60	0.43	NA	NA	0.50	NA	1.00	0.80
ran_40.txt	0.50	0.75	0.67	0.80	0.60	NA	NA	0.83	0.50	0.50	0.62	0.55	0.42	0.47	1.00	0.50	0.67	0.67	0.83	0.73	0.67	0.50	0.33	NA	0.67	0.67	0.62	0.57	1.00	0.50	NA	0.64	0.49	1.00	0.68	1.00	NA	0.50	0.50	0.50	0.57	0.64	0.25	0.86	0.50	0.67	0.88	0.50	0.64	0.86	0.67	0.50	0.50	1.00	0.69	0.50	1.00	0.71	1.00	0.65	0.54	0.45	0.60	0.51	0.32	0.80	0.67	0.64	0.50	0.43	0.20	0.40	0.43	0.71	0.75	0.60	1.00	0.57	0.60	0.40	0.67	0.50	1.00	1.00	0.83	0.80	0.56	0.75	0.40	0.50	0.54	0.50	1.00	0.67	0.53	0.49	NA	0.75	0.50	1.00	1.00	0.80	0.69	0.33	0.71	0.67	0.33	1.00	0.67	0.50	0.50	0.67	0.44	0.88	0.50	1.00	0.49	0.80	0.57	0.69	0.33	0.50	0.39	0.75	0.47	0.80	0.68	0.55	0.67	0.67	0.75	1.00	0.50	0.43	0.56	0.51	0.44	0.54	0.64	NA	0.49	0.67	0.50	0.65	0.45	0.50	0.75	0.69	0.50	0.67	0.67	0.50	0.57	0.50	1.00	0.33	0.45	0.54	0.50	1.00	1.00	0.50	0.55	0.78	0.50	0.57	0.67	0.57	NA	0.67	0.69	0.67	0.50	0.80	0.33	0.50	0.50	0.56	0.70	NA	0.50	0.83	0.60	0.43	0.50	0.57	0.63	0.56	0.50	1.00	NA	NA	0.78	0.86	NA	1.00	NA	NA	1.00	0.75
ran_41.txt	1.00	0.50	0.67	0.57	0.29	NA	NA	0.71	0.67	0.80	0.33	0.85	0.55	0.58	0.50	0.50	0.50	0.75	0.71	0.67	0.75	0.75	0.33	1.00	0.50	0.78	0.62	0.75	0.50	0.80	NA	0.61	0.56	0.75	0.54	0.50	1.00	0.60	0.60	0.67	0.61	0.64	0.75	0.75	1.00	0.67	0.50	0.67	0.50	0.44	0.50	NA	1.00	1.00	0.38	0.57	NA	0.63	NA	0.63	0.54	0.50	0.83	0.59	0.48	0.62	0.44	0.67	0.56	0.43	0.60	0.50	0.60	0.50	0.67	0.56	0.43	0.50	0.43	0.80	0.40	1.00	1.00	0.60	0.75	0.78	0.64	0.75	0.80	NA	0.52	1.00	0.75	0.33	0.38	0.58	0.67	0.67	0.43	0.50	0.33	0.33	0.66	1.00	0.38	0.33	0.50	0.67	1.00	0.69	0.67	1.00	0.50	0.88	0.33	0.60	0.69	0.50	0.75	0.47	0.67	1.00	0.47	0.50	0.52	0.40	0.57	0.46	1.00	0.50	0.67	1.00	0.67	0.71	0.47	0.51	0.50	0.52	0.54	NA	0.60	0.50	0.86	0.58	0.49	0.40	0.50	0.56	1.00	0.40	1.00	0.38	0.50	0.67	1.00	0.73	0.56	0.60	0.50	NA	0.50	0.83	0.50	0.56	0.50	0.58	1.00	0.67	NA	0.50	0.71	0.57	0.80	0.71	0.57	0.50	0.50	0.33	0.58	NA	0.50	0.67	0.60	0.50	1.00	0.75	0.50	0.50	NA	1.00	NA	NA	1.00	0.57	NA	0.50	0.50	NA	0.50	1.00
ran_42.txt	1.00	0.43	0.75	0.50	0.78	NA	NA	1.00	0.50	0.40	0.62	0.55	0.60	0.53	1.00	0.60	1.00	0.50	0.50	0.83	0.67	0.50	0.75	NA	0.67	0.67	0.43	0.44	0.60	0.60	NA	0.57	0.63	0.60	0.43	1.00	0.50	0.50	0.45	0.67	0.54	0.64	0.50	0.88	0.60	0.33	0.86	0.67	0.60	0.55	0.67	NA	0.50	NA	0.55	0.71	0.50	0.50	0.50	0.52	0.59	0.74	0.60	0.61	0.54	0.57	0.85	0.54	0.43	0.56	0.33	0.50	0.50	0.50	0.80	0.64	0.75	0.67	0.50	0.67	0.50	1.00	0.50	0.50	0.40	0.45	0.62	0.67	0.50	NA	0.65	NA	1.00	0.33	0.59	0.50	0.67	1.00	0.67	1.00	1.00	0.78	0.71	1.00	0.43	0.50	1.00	0.75	0.50	0.64	1.00	0.80	0.62	0.88	0.50	1.00	0.58	0.83	0.62	0.43	1.00	1.00	0.71	0.50	0.53	0.78	0.55	0.56	0.50	0.83	0.80	0.50	0.50	0.62	0.53	0.60	0.37	0.55	0.64	NA	0.48	0.67	0.71	0.54	0.52	1.00	0.25	0.48	0.50	0.67	0.67	0.50	0.38	0.33	1.00	0.73	0.62	0.71	0.67	NA	0.50	0.60	0.62	0.70	NA	0.79	0.60	0.50	NA	0.67	0.63	0.33	0.40	1.00	0.33	0.40	NA	0.70	0.86	NA	0.50	0.40	0.75	0.62	0.50	0.50	0.47	0.89	1.00	1.00	NA	NA	0.71	0.50	NA	NA	NA	NA	0.67	0.50
ran_43.txt	0.50	0.44	0.50	0.57	0.50	NA	NA	0.67	1.00	0.50	0.44	0.69	0.46	0.66	0.67	0.50	1.00	0.75	0.57	0.64	0.50	0.80	1.00	0.50	0.50	0.50	0.56	0.70	0.50	0.50	NA	0.47	0.58	0.33	0.61	0.60	1.00	0.60	0.38	0.50	0.65	0.55	0.50	0.43	0.50	1.00	0.50	0.50	0.40	0.70	0.67	NA	1.00	NA	0.60	0.71	0.50	0.64	NA	0.75	0.49	0.60	0.33	0.54	0.56	0.29	0.45	0.62	0.67	0.60	1.00	1.00	0.57	0.56	0.80	0.44	1.00	0.86	0.83	0.75	0.40	0.50	1.00	0.50	0.60	0.44	0.40	0.67	0.40	NA	0.64	0.50	0.75	NA	0.71	0.68	0.50	0.50	0.57	NA	1.00	0.80	0.63	1.00	0.40	0.33	0.67	0.75	NA	0.54	0.80	0.75	0.67	0.43	0.67	1.00	0.55	1.00	0.88	0.62	NA	0.33	0.53	0.50	0.71	0.38	0.50	0.62	0.67	0.80	0.60	NA	0.50	0.25	0.53	0.63	0.56	0.68	0.80	NA	0.44	1.00	0.57	0.54	0.51	0.67	0.83	0.44	0.50	0.33	0.67	0.50	0.56	0.67	NA	0.62	0.57	0.62	0.67	1.00	0.50	0.80	0.55	0.75	0.50	0.33	0.60	0.56	NA	0.50	0.50	0.40	0.75	0.60	0.50	0.56	0.50	0.64	0.50	NA	0.75	0.60	0.75	0.43	NA	0.75	0.56	0.70	1.00	NA	NA	NA	0.50	0.56	NA	0.50	NA	NA	0.67	0.60
ran_44.txt	1.00	0.50	0.50	0.86	0.71	NA	NA	0.60	0.67	0.75	0.56	0.54	0.58	0.56	0.67	0.25	0.50	0.67	0.50	0.58	0.33	0.75	0.67	1.00	0.50	0.70	0.57	0.56	1.00	0.60	NA	0.53	0.47	0.25	0.48	0.67	1.00	0.43	0.56	0.67	0.54	0.33	0.50	0.56	0.67	0.50	0.43	0.33	0.64	0.67	0.50	NA	0.50	0.50	0.76	0.33	0.50	0.44	0.50	0.57	0.49	0.65	0.67	0.55	0.57	0.57	0.44	0.42	0.67	0.40	0.67	0.40	0.75	0.67	0.80	0.57	0.50	0.80	0.40	0.67	0.40	1.00	0.50	0.40	0.67	0.64	0.60	0.75	0.75	0.50	0.48	1.00	0.50	1.00	0.65	0.54	0.67	1.00	0.33	1.00	1.00	0.44	0.46	0.67	0.60	0.67	0.67	0.50	0.50	0.50	0.50	0.67	0.62	0.33	0.50	0.75	0.54	0.75	0.40	0.64	0.33	NA	0.56	0.50	0.50	0.75	0.52	0.45	0.33	0.67	0.50	0.50	0.67	0.62	0.54	0.65	0.36	0.52	0.57	NA	0.63	1.00	0.57	0.50	0.55	0.50	0.50	0.60	1.00	0.50	0.50	0.44	0.38	0.67	1.00	0.62	0.42	0.62	0.67	0.33	1.00	0.67	0.44	0.50	NA	0.50	0.75	0.62	NA	0.67	0.57	0.50	1.00	0.67	0.40	0.50	1.00	0.55	0.40	NA	0.67	0.60	0.50	0.78	NA	0.43	0.55	0.55	1.00	0.50	NA	NA	0.75	0.44	NA	0.50	NA	NA	1.00	1.00
ran_45.txt	NA	0.60	0.67	0.71	0.78	NA	NA	0.62	0.67	0.50	0.38	0.73	0.70	0.55	0.33	0.50	0.75	0.67	0.67	0.36	0.67	0.40	1.00	0.50	0.33	0.67	0.38	0.75	0.75	0.75	NA	0.45	0.63	0.75	0.58	1.00	1.00	0.50	0.64	0.67	0.56	0.50	0.75	0.57	0.75	0.33	0.67	0.67	0.67	0.33	0.50	0.50	1.00	NA	0.65	0.62	0.50	0.58	1.00	0.65	0.63	0.50	0.60	0.54	0.60	0.57	0.64	0.50	0.56	0.67	0.50	0.50	0.80	0.44	0.25	0.64	0.40	0.83	0.57	0.75	0.67	0.50	NA	0.50	0.67	0.45	0.73	1.00	0.83	0.50	0.50	1.00	0.75	1.00	0.67	0.43	1.00	0.67	0.57	0.50	0.67	0.62	0.47	1.00	0.67	1.00	1.00	0.33	1.00	0.36	0.75	0.33	0.44	0.88	0.67	0.25	0.53	1.00	0.57	0.87	NA	0.67	0.56	1.00	0.59	0.56	0.61	0.59	1.00	0.60	0.67	NA	1.00	0.56	0.58	0.41	0.47	0.50	0.40	NA	0.65	1.00	0.75	0.49	0.65	0.67	1.00	0.65	NA	0.50	0.67	0.38	0.50	NA	0.67	0.47	0.53	0.79	1.00	0.67	0.50	0.33	0.53	0.75	1.00	0.55	1.00	0.38	NA	0.67	0.56	0.71	1.00	0.40	0.80	0.73	1.00	0.40	0.30	NA	0.50	1.00	0.50	0.86	1.00	0.57	0.38	0.40	1.00	0.50	NA	NA	0.50	0.50	NA	1.00	NA	NA	1.00	0.67
ran_46.txt	0.50	0.56	0.67	0.83	0.71	NA	NA	0.57	0.33	1.00	0.44	0.67	0.70	0.58	0.50	0.50	0.75	1.00	0.57	0.45	0.67	0.50	1.00	NA	0.50	0.56	0.50	0.62	0.60	0.50	NA	0.51	0.57	1.00	0.70	0.75	1.00	0.67	0.62	0.50	0.44	0.75	0.50	0.38	0.60	0.50	0.71	0.67	0.25	0.56	1.00	NA	NA	NA	0.67	0.50	0.50	0.87	0.50	0.75	0.59	0.59	0.50	0.55	0.58	0.62	0.70	0.67	0.43	0.57	0.50	0.40	0.71	0.38	0.50	0.80	0.50	0.60	0.50	0.60	0.75	1.00	0.50	0.75	0.83	0.55	0.33	0.67	0.60	1.00	0.50	0.50	0.50	1.00	0.50	0.40	0.50	0.50	0.67	NA	NA	0.57	0.44	0.67	0.86	1.00	0.67	1.00	0.67	0.58	0.60	0.60	0.44	0.56	0.67	0.50	0.55	0.75	0.67	0.53	0.67	0.50	0.50	0.50	0.52	0.67	0.48	0.40	1.00	0.43	0.50	NA	1.00	0.86	0.62	0.66	0.54	0.43	0.62	NA	0.50	0.67	0.43	0.60	0.67	0.67	0.80	0.65	NA	0.50	1.00	0.44	0.44	0.50	0.33	0.60	0.47	0.50	NA	1.00	0.50	0.40	0.50	0.50	1.00	0.50	0.75	0.67	NA	0.67	0.50	0.83	0.50	0.57	0.60	0.45	0.50	0.60	0.55	NA	0.75	0.67	0.50	0.67	1.00	0.67	0.68	0.80	0.50	NA	NA	NA	0.43	0.71	NA	0.50	1.00	NA	NA	0.75
ran_47.txt	NA	0.62	0.67	0.62	0.80	NA	NA	0.67	0.67	0.75	0.71	0.58	0.64	0.64	0.67	1.00	0.33	1.00	0.50	0.54	0.67	0.75	0.33	NA	0.50	0.44	0.33	0.40	0.60	1.00	NA	0.57	0.51	0.75	0.45	0.50	NA	1.00	0.58	0.50	0.48	0.58	1.00	0.43	0.80	0.50	0.57	1.00	0.70	0.50	0.50	NA	0.50	NA	0.69	0.67	0.50	0.47	NA	0.54	0.58	0.82	0.33	0.55	0.64	1.00	0.60	0.62	0.43	0.60	0.40	0.50	0.33	0.50	0.50	0.64	0.57	0.43	0.50	1.00	0.50	0.50	NA	0.75	0.50	0.57	0.50	0.50	0.67	1.00	0.50	1.00	1.00	0.67	0.50	0.60	NA	1.00	0.50	1.00	1.00	0.50	0.42	0.50	0.57	0.50	NA	0.75	NA	0.42	0.75	0.83	0.62	0.38	0.50	0.80	0.60	0.40	0.67	0.50	0.67	0.50	0.68	1.00	0.38	0.44	0.62	0.62	1.00	0.83	0.67	0.50	1.00	0.88	0.60	0.62	0.50	0.67	0.67	NA	0.50	0.33	0.67	0.46	0.48	0.50	0.83	0.54	NA	0.80	0.75	0.57	0.60	0.67	1.00	0.75	0.48	0.54	0.50	0.33	1.00	0.60	0.42	0.44	NA	0.71	0.75	0.60	NA	1.00	0.59	0.57	0.75	0.50	0.50	0.64	1.00	0.70	0.42	NA	0.75	0.71	0.67	0.75	NA	0.67	0.60	0.70	NA	1.00	NA	NA	0.70	0.40	NA	1.00	1.00	NA	0.50	0.40
ran_48.txt	NA	0.44	0.75	0.50	0.60	NA	NA	0.38	0.67	0.67	0.62	0.57	0.50	0.54	0.67	0.40	0.67	0.50	0.43	0.56	0.50	0.33	0.67	0.50	0.67	0.44	0.62	0.50	1.00	0.60	NA	0.56	0.62	1.00	0.67	0.80	1.00	0.50	0.25	0.50	0.46	0.50	0.50	0.62	0.50	0.50	0.33	0.67	0.90	0.62	0.50	1.00	0.50	NA	0.47	0.80	0.50	0.65	1.00	0.61	0.61	0.56	0.50	0.52	0.62	0.44	0.64	0.76	0.33	0.50	1.00	0.80	0.50	0.50	0.60	0.40	0.43	0.57	0.33	0.80	1.00	0.50	1.00	0.60	0.40	0.73	0.33	0.67	0.60	NA	0.59	NA	0.75	0.50	0.73	0.65	0.67	0.50	0.60	NA	0.50	0.50	0.58	1.00	0.83	1.00	1.00	0.67	0.33	0.55	0.50	0.80	0.70	0.75	1.00	0.50	0.62	0.60	0.80	0.58	0.67	0.33	0.60	1.00	0.58	0.67	0.55	0.61	1.00	0.83	0.50	NA	NA	0.57	0.51	0.66	0.82	0.41	0.64	NA	0.52	0.67	0.75	0.76	0.59	1.00	0.50	0.50	0.50	0.57	0.33	0.67	0.50	0.67	0.50	0.69	0.52	0.44	1.00	0.50	0.50	0.67	0.60	0.78	0.50	0.62	0.50	0.67	NA	0.67	0.54	0.67	0.67	0.50	0.40	0.70	0.50	0.60	0.45	NA	0.50	0.57	0.60	0.43	NA	0.43	0.67	0.60	NA	NA	NA	NA	0.62	0.40	NA	0.50	NA	NA	0.67	0.80
ran_49.txt	NA	0.57	0.75	0.50	0.56	NA	NA	0.50	0.67	0.60	0.43	0.36	0.46	0.55	0.67	0.67	0.50	1.00	0.50	0.73	1.00	1.00	1.00	NA	0.67	0.44	0.43	0.56	0.33	0.50	NA	0.57	0.63	0.33	0.50	0.50	NA	0.75	0.27	0.50	0.55	0.60	0.50	0.57	0.40	1.00	0.40	NA	0.56	0.62	0.67	0.50	1.00	0.50	0.73	0.50	NA	0.57	0.50	0.61	0.59	0.29	0.40	0.53	0.41	0.43	0.45	0.74	0.43	0.67	0.67	0.50	0.50	0.50	0.50	0.60	0.67	0.86	0.43	0.60	0.67	1.00	1.00	0.75	0.40	0.50	0.78	0.75	0.40	1.00	0.67	NA	0.75	0.33	0.56	0.61	NA	0.67	0.60	NA	0.50	0.67	0.64	1.00	0.62	1.00	1.00	1.00	1.00	0.85	0.75	0.75	0.62	0.75	1.00	0.50	0.69	0.50	0.75	0.50	0.67	0.33	0.67	0.67	0.40	0.70	0.61	0.62	0.67	0.50	0.50	1.00	0.33	0.78	0.51	0.65	0.67	0.63	0.80	NA	0.55	0.67	0.43	0.60	0.68	0.75	0.60	0.48	NA	0.50	0.67	0.57	0.71	0.67	0.50	0.50	0.52	0.46	0.67	1.00	1.00	0.83	0.64	0.60	1.00	0.46	0.75	0.50	NA	0.67	0.48	0.50	0.80	1.00	0.67	0.58	0.50	0.78	0.40	NA	0.50	0.71	0.50	0.38	1.00	0.60	0.59	0.50	1.00	0.50	NA	NA	0.88	0.50	NA	0.50	NA	NA	0.67	0.67
ran_5.txt	1.00	0.50	0.67	0.43	0.44	NA	NA	0.75	0.67	0.80	0.50	0.58	0.50	0.50	0.67	0.75	1.00	0.67	0.86	0.88	0.75	0.60	0.50	1.00	0.67	0.71	0.83	0.75	0.80	0.80	NA	0.46	0.49	0.60	0.50	0.50	NA	0.60	0.36	0.50	0.85	0.50	0.75	0.57	0.60	0.75	0.50	1.00	0.75	0.60	1.00	NA	NA	NA	0.36	0.75	1.00	0.74	NA	0.56	0.55	0.76	0.50	0.54	0.58	0.33	0.58	0.62	0.56	0.88	0.83	0.60	0.83	0.67	0.50	0.50	0.67	0.57	0.43	0.67	0.50	NA	0.50	0.75	0.80	0.73	0.55	NA	0.50	0.50	0.68	1.00	0.67	1.00	0.50	0.57	0.67	NA	0.75	NA	0.33	0.38	0.52	0.67	0.50	1.00	0.33	0.50	1.00	0.50	0.75	0.50	0.57	0.62	NA	0.67	0.63	0.60	0.71	0.53	0.67	NA	0.64	0.50	0.71	0.80	0.56	0.56	0.50	0.83	0.60	NA	1.00	0.50	0.57	0.47	0.47	0.59	0.54	NA	0.44	0.67	0.67	0.42	0.45	0.75	0.57	0.54	NA	0.80	1.00	0.80	0.67	0.67	1.00	0.62	0.52	0.50	0.67	0.50	NA	0.50	0.50	0.56	NA	0.50	0.80	0.38	NA	1.00	0.56	0.50	0.60	0.67	1.00	0.50	NA	0.88	0.70	NA	0.67	0.50	0.75	0.71	1.00	0.29	0.83	0.55	NA	NA	NA	NA	0.56	0.50	NA	0.50	0.50	NA	1.00	0.80
ran_50.txt	NA	0.70	0.67	0.50	0.50	NA	NA	0.56	0.67	0.75	0.60	0.60	0.40	0.66	0.50	0.60	0.50	0.50	0.60	0.70	0.50	1.00	0.75	NA	1.00	0.56	0.62	0.86	0.75	0.50	NA	0.59	0.62	0.60	0.61	0.50	1.00	0.60	0.50	0.67	0.62	0.67	0.67	0.57	0.67	0.50	0.67	NA	0.55	0.70	1.00	1.00	NA	1.00	0.47	1.00	1.00	0.47	0.50	0.46	0.52	0.58	0.80	0.52	0.52	0.57	0.62	0.56	0.44	0.56	0.67	0.50	0.83	0.67	0.60	0.44	0.50	0.60	0.50	0.40	1.00	1.00	0.50	0.50	0.50	0.80	0.55	0.33	1.00	0.50	0.64	0.50	0.75	0.50	0.57	0.54	0.67	0.50	0.50	NA	NA	0.57	0.71	1.00	0.38	0.50	0.33	0.75	0.67	0.57	0.50	0.50	0.78	0.62	0.50	0.60	0.55	0.50	0.71	0.73	0.50	1.00	0.65	0.75	0.59	0.50	0.62	0.57	1.00	0.43	0.33	NA	0.50	0.50	0.56	0.54	0.59	0.50	0.46	NA	0.52	0.67	0.50	0.43	0.50	0.60	0.40	0.68	0.50	1.00	0.50	0.71	0.62	0.67	0.67	0.47	0.61	0.57	0.50	1.00	0.50	0.50	0.50	0.75	NA	0.54	0.50	0.67	NA	0.50	0.62	0.50	0.50	0.50	0.75	0.38	NA	0.56	0.50	NA	0.67	0.43	1.00	0.43	NA	1.00	0.58	0.50	0.50	0.50	NA	NA	0.83	0.44	NA	1.00	NA	NA	0.50	0.80
ran_51.txt	NA	0.67	0.50	0.60	0.50	NA	NA	0.29	0.67	0.40	0.50	0.36	0.78	0.59	0.67	0.75	1.00	0.75	0.50	0.90	0.67	0.50	0.67	0.50	0.33	0.67	0.50	0.57	0.75	0.80	NA	0.62	0.49	0.67	0.70	0.33	0.50	0.83	0.78	0.75	0.54	0.30	0.50	0.71	1.00	0.50	0.60	1.00	0.50	0.50	NA	NA	1.00	NA	0.44	0.71	0.50	0.57	0.50	0.58	0.54	0.63	1.00	0.52	0.52	0.57	0.50	0.46	0.67	0.86	0.40	0.80	0.50	0.44	0.60	0.33	0.67	0.83	0.86	0.67	1.00	0.50	NA	0.33	0.80	0.50	0.40	0.75	0.67	NA	0.63	1.00	1.00	0.50	0.47	0.50	0.50	1.00	0.62	1.00	0.67	0.56	0.54	0.50	0.57	0.67	0.33	0.50	0.67	0.58	0.40	0.50	0.44	0.57	1.00	0.25	0.58	0.67	0.62	0.67	0.67	0.67	0.57	0.33	0.38	0.62	0.63	0.54	0.33	0.60	0.83	NA	0.67	0.71	0.54	0.34	0.65	0.67	0.67	NA	0.66	1.00	0.50	0.45	0.64	0.60	0.83	0.68	1.00	0.33	0.75	0.57	0.67	0.50	1.00	0.67	0.74	0.62	0.67	0.50	NA	0.50	0.72	0.75	1.00	0.54	1.00	0.56	NA	1.00	0.63	0.43	0.67	0.86	0.60	0.50	NA	0.50	0.30	NA	0.50	0.50	0.75	0.67	0.50	0.57	0.72	0.80	0.50	1.00	NA	NA	0.50	0.71	NA	NA	0.50	NA	0.50	0.33
ran_52.txt	NA	0.57	0.50	0.75	0.70	NA	NA	0.67	1.00	0.40	0.50	0.42	0.54	0.53	0.67	0.75	NA	0.75	0.33	0.80	NA	0.80	0.50	0.50	1.00	0.70	0.71	0.62	0.60	0.50	NA	0.63	0.60	0.67	0.55	1.00	0.50	0.67	0.36	0.50	0.59	0.44	1.00	0.57	0.40	0.33	0.80	NA	0.82	0.44	0.50	NA	0.50	NA	0.62	1.00	1.00	0.70	1.00	0.62	0.65	0.50	0.57	0.65	0.53	0.57	0.64	0.46	0.56	0.44	0.83	0.33	0.50	0.50	1.00	0.30	0.33	0.60	0.71	0.80	0.75	NA	1.00	0.60	0.67	0.78	0.58	0.67	0.86	1.00	0.57	1.00	1.00	0.67	0.56	0.56	1.00	NA	0.86	NA	0.67	0.71	0.59	0.67	0.67	0.50	0.33	0.50	0.50	0.73	0.75	0.60	0.80	0.50	NA	0.67	0.52	0.80	0.33	0.53	0.67	1.00	0.67	0.75	0.45	0.80	0.59	0.72	0.50	0.50	0.60	0.50	1.00	0.62	0.58	0.65	0.71	0.73	0.70	NA	0.61	0.33	0.71	0.58	0.60	0.60	0.50	0.64	NA	0.50	1.00	0.75	0.57	1.00	1.00	0.43	0.50	0.38	1.00	0.50	1.00	0.67	0.52	0.67	0.50	0.75	0.67	0.50	NA	1.00	0.65	0.50	1.00	0.57	0.67	0.40	1.00	0.67	0.44	NA	0.33	0.83	0.67	0.57	1.00	0.50	0.69	0.40	0.50	0.50	NA	NA	0.50	0.50	NA	0.50	1.00	NA	1.00	0.33
ran_53.txt	0.50	0.67	0.75	0.50	0.75	NA	NA	0.56	1.00	0.80	0.67	0.69	0.73	0.60	NA	0.60	1.00	0.75	0.50	0.67	1.00	1.00	0.50	0.50	1.00	0.67	0.67	0.88	0.60	0.60	NA	0.47	0.61	1.00	0.62	0.33	NA	0.80	0.78	0.33	0.75	0.55	0.33	0.57	0.50	1.00	0.71	0.33	0.33	0.80	0.50	0.50	1.00	NA	0.47	0.43	NA	0.53	1.00	0.74	0.62	0.50	0.67	0.50	0.68	0.71	0.54	0.56	0.78	0.80	0.80	1.00	0.83	0.62	0.60	0.40	0.83	0.33	0.62	0.83	0.80	NA	NA	1.00	0.60	0.40	0.56	1.00	0.40	1.00	0.70	NA	0.50	0.50	0.53	0.51	0.67	0.67	0.33	NA	NA	0.62	0.60	0.67	0.67	0.67	0.67	0.67	0.67	0.50	0.50	0.75	0.67	0.33	0.67	0.75	0.59	0.80	0.67	0.43	0.67	1.00	0.67	1.00	0.57	0.40	0.59	0.59	1.00	0.67	0.33	0.50	1.00	0.67	0.57	0.56	0.59	0.55	0.50	NA	0.55	0.50	0.40	0.55	0.67	0.67	0.43	0.48	NA	0.60	0.67	0.71	0.60	1.00	0.67	0.46	0.55	0.64	0.67	1.00	NA	0.60	0.54	0.50	0.50	0.86	1.00	0.62	NA	1.00	0.48	0.57	0.50	0.71	0.57	0.42	0.50	0.89	0.70	NA	0.33	0.75	0.40	0.40	0.50	0.50	0.65	0.45	NA	NA	NA	NA	0.50	0.86	NA	0.50	1.00	NA	0.67	0.33
ran_54.txt	1.00	0.62	0.75	0.43	0.67	NA	NA	0.67	1.00	0.60	0.56	0.55	0.33	0.63	0.67	0.40	0.33	0.75	0.71	0.57	0.75	0.75	0.67	0.50	0.50	0.44	0.86	0.86	0.60	0.80	NA	0.45	0.54	0.50	0.61	1.00	0.50	0.83	0.62	NA	0.54	0.58	0.33	1.00	0.50	0.75	0.67	0.50	0.90	0.70	0.67	0.50	NA	0.50	0.88	0.67	1.00	0.53	1.00	0.62	0.46	0.44	0.40	0.59	0.33	0.57	0.56	0.57	0.62	0.43	0.60	0.60	0.40	0.43	0.60	0.45	0.43	0.67	0.57	0.75	0.50	0.50	1.00	0.50	0.50	0.56	0.82	0.75	0.71	1.00	0.74	1.00	1.00	1.00	0.53	0.58	0.50	0.67	0.75	NA	0.67	1.00	0.52	0.67	0.57	0.67	0.67	0.33	0.67	0.77	0.67	0.67	0.50	0.62	0.67	0.60	0.49	0.50	0.50	0.62	0.50	0.67	0.50	0.67	0.65	0.43	0.51	0.66	0.67	0.67	0.50	NA	NA	0.75	0.60	0.59	0.56	0.62	0.77	NA	0.56	0.67	0.86	0.60	0.59	0.75	0.50	0.64	1.00	0.71	0.67	0.75	0.50	NA	0.50	0.53	0.52	0.58	0.50	0.67	NA	0.67	0.59	0.71	0.50	0.36	0.60	0.38	NA	NA	0.72	0.67	0.50	0.60	0.75	0.75	NA	0.30	0.62	NA	0.67	0.40	1.00	0.67	0.50	0.50	0.61	0.82	1.00	0.50	NA	NA	0.57	0.71	NA	1.00	1.00	NA	NA	0.50
ran_55.txt	NA	0.50	0.67	0.67	0.43	NA	NA	0.33	0.33	0.50	0.67	0.60	0.67	0.55	0.67	0.80	0.67	1.00	0.43	0.80	0.33	1.00	0.50	1.00	0.50	0.88	0.62	0.56	0.50	0.67	NA	0.48	0.55	0.33	0.65	0.50	NA	0.50	0.40	0.50	0.58	0.36	0.67	0.50	0.40	0.67	0.60	NA	0.36	0.64	0.33	0.50	NA	NA	0.69	0.75	NA	0.56	NA	0.64	0.59	0.31	0.43	0.46	0.57	0.62	0.40	0.50	0.43	0.80	1.00	0.50	0.83	0.43	0.80	0.67	0.83	0.60	0.40	0.75	0.50	0.50	1.00	1.00	0.80	0.80	0.44	0.67	0.67	NA	0.34	0.50	0.67	0.67	0.53	0.49	1.00	0.75	0.60	0.50	0.33	0.86	0.48	0.67	1.00	0.33	0.67	0.33	1.00	0.60	0.50	0.60	0.56	0.56	0.50	0.50	0.63	0.60	0.71	0.57	0.33	0.50	0.53	0.25	0.52	0.75	0.49	0.54	0.50	1.00	0.75	NA	1.00	0.57	0.48	0.59	0.53	0.56	0.70	NA	0.59	0.33	0.62	0.49	0.68	0.40	0.71	0.52	0.50	0.83	0.75	0.62	0.62	1.00	0.67	0.64	0.60	0.45	NA	NA	1.00	0.67	0.64	0.70	1.00	0.71	1.00	0.67	NA	0.67	0.53	0.57	0.40	1.00	0.50	0.67	0.50	0.67	0.45	NA	0.67	0.50	0.80	0.43	NA	0.40	0.59	0.70	1.00	NA	NA	NA	0.75	0.56	NA	1.00	NA	NA	0.67	0.75
ran_56.txt	1.00	0.62	0.67	0.33	0.50	NA	NA	0.71	0.67	0.80	0.71	0.56	0.46	0.63	0.67	1.00	0.67	1.00	0.50	0.64	0.50	0.80	0.75	0.50	0.67	0.70	0.50	0.56	0.33	0.67	NA	0.58	0.56	0.75	0.72	0.67	0.50	0.71	0.57	0.75	0.65	0.36	0.33	0.78	0.40	0.75	0.38	1.00	0.40	0.60	1.00	NA	NA	NA	0.59	0.57	0.50	0.79	1.00	0.68	0.42	0.62	0.40	0.52	0.57	0.50	0.46	0.69	0.88	0.75	0.60	0.75	0.50	0.29	0.75	0.56	0.67	0.60	0.57	0.67	0.25	1.00	NA	1.00	0.50	0.45	0.57	0.50	0.67	1.00	0.39	1.00	0.50	0.67	0.60	0.55	1.00	0.67	0.57	1.00	0.67	0.78	0.58	1.00	0.62	1.00	0.50	0.75	0.67	0.54	0.33	0.40	0.50	0.50	1.00	0.50	0.41	0.40	0.60	0.58	1.00	1.00	0.44	0.67	0.40	0.36	0.50	0.45	1.00	0.33	0.50	NA	0.67	0.57	0.51	0.54	0.60	0.55	0.55	NA	0.54	0.50	0.43	0.39	0.60	0.50	0.50	0.52	0.50	0.67	1.00	0.88	0.50	NA	0.67	0.42	0.75	0.46	0.67	0.67	NA	0.33	0.46	0.44	1.00	0.71	0.40	0.83	NA	0.50	0.68	1.00	0.80	0.29	0.60	0.80	1.00	0.90	0.60	NA	0.33	1.00	0.75	0.44	1.00	0.83	0.58	0.56	NA	0.50	NA	NA	0.50	0.56	NA	1.00	1.00	NA	1.00	0.50
ran_57.txt	1.00	0.73	0.67	0.57	0.75	NA	NA	0.43	1.00	0.50	0.50	0.58	0.45	0.61	0.67	0.60	0.75	0.50	0.50	0.33	1.00	0.25	0.33	0.50	0.50	0.43	0.43	0.70	0.50	0.50	NA	0.56	0.54	0.33	0.61	0.40	0.50	0.40	0.62	1.00	0.58	0.42	0.50	0.43	1.00	1.00	0.75	NA	0.62	0.57	1.00	NA	NA	0.50	0.60	0.86	NA	0.63	0.50	0.63	0.46	0.47	0.43	0.65	0.50	0.50	0.50	0.54	0.75	0.43	0.50	0.80	0.50	0.75	0.60	0.73	0.60	1.00	0.50	0.50	0.75	0.50	NA	1.00	0.60	0.80	0.82	0.50	0.50	0.50	0.75	NA	1.00	1.00	0.53	0.56	0.67	0.67	0.67	1.00	0.67	0.62	0.57	0.33	0.71	1.00	0.50	1.00	0.67	0.60	0.50	0.50	0.62	0.50	1.00	1.00	0.53	0.75	0.50	0.33	1.00	0.67	0.56	0.67	0.57	0.73	0.56	0.63	1.00	0.50	0.80	1.00	1.00	0.44	0.57	0.47	0.68	0.53	0.46	NA	0.59	1.00	0.62	0.56	0.57	0.60	0.60	0.50	NA	0.33	0.67	0.89	0.75	1.00	0.67	0.78	0.70	0.69	0.50	0.67	1.00	0.50	0.68	0.86	NA	0.47	0.40	0.50	NA	1.00	0.56	0.67	1.00	0.50	0.57	0.67	0.50	0.50	0.60	NA	0.67	0.60	0.40	0.60	1.00	0.67	0.47	0.50	0.50	1.00	NA	NA	0.56	0.50	NA	1.00	NA	NA	1.00	0.33
ran_58.txt	0.50	0.78	0.67	0.43	0.83	NA	NA	0.57	0.50	0.80	0.50	0.33	0.71	0.54	0.33	0.50	1.00	0.67	0.57	0.70	0.67	0.40	0.75	1.00	0.67	0.78	0.71	0.67	0.50	0.80	NA	0.53	0.61	0.50	0.48	0.60	NA	0.80	0.67	0.67	0.81	0.62	0.50	0.67	0.50	0.33	0.71	NA	0.75	0.73	0.67	1.00	NA	0.50	0.47	0.33	NA	0.59	NA	0.71	0.48	0.65	0.67	0.53	0.33	0.75	0.73	0.69	0.67	0.62	0.83	0.75	0.43	0.62	0.50	0.64	0.80	0.57	0.60	0.75	0.50	1.00	0.50	0.50	0.50	0.45	0.70	0.75	0.71	NA	0.52	NA	0.75	0.50	0.41	0.55	0.67	0.50	0.44	1.00	0.67	0.75	0.52	1.00	0.50	0.67	0.50	0.50	0.50	0.38	1.00	0.40	0.33	0.44	1.00	1.00	0.46	0.80	0.86	0.60	0.67	0.67	0.62	0.67	0.52	0.86	0.54	0.50	NA	0.40	0.67	NA	0.50	0.50	0.51	0.65	0.56	0.72	0.54	NA	0.42	1.00	0.67	0.48	0.45	0.50	0.71	0.52	0.50	0.67	0.67	0.75	0.71	1.00	0.50	0.75	0.41	0.54	0.67	0.50	1.00	0.33	0.60	0.25	0.50	0.53	0.33	0.57	NA	0.50	0.55	0.67	0.60	0.75	0.25	0.36	1.00	0.44	0.83	NA	NA	0.43	0.67	0.83	NA	0.40	0.50	0.58	1.00	NA	NA	NA	0.75	0.89	NA	NA	NA	NA	0.67	0.60
ran_59.txt	1.00	1.00	0.50	0.86	0.75	NA	NA	0.43	0.50	0.33	0.71	0.64	0.46	0.52	0.50	0.60	0.67	0.50	0.50	0.64	0.75	0.50	0.50	0.50	0.50	0.80	0.38	0.75	0.60	0.33	NA	0.58	0.44	0.75	0.69	0.75	NA	0.67	0.60	0.67	0.78	0.60	1.00	0.57	0.80	0.50	0.60	0.50	0.70	0.70	1.00	1.00	0.50	0.50	0.47	0.67	0.50	0.52	0.50	0.43	0.56	0.44	0.80	0.53	0.46	0.40	0.62	0.52	0.57	0.75	0.67	0.75	0.86	0.44	0.40	0.44	0.57	0.67	0.60	0.80	0.80	0.50	0.50	0.33	0.60	0.70	0.42	0.67	0.50	NA	0.70	1.00	0.67	0.67	0.47	0.53	0.67	1.00	0.43	1.00	1.00	0.62	0.53	0.50	0.60	0.67	0.50	1.00	NA	0.50	0.40	0.83	0.50	0.56	0.33	0.50	0.51	0.67	0.50	0.40	0.67	1.00	0.58	NA	0.66	0.70	0.61	0.60	0.33	0.71	0.50	0.50	0.67	0.67	0.51	0.49	0.59	0.58	0.55	NA	0.72	0.33	0.50	0.67	0.61	0.25	0.57	0.69	0.50	0.50	1.00	0.67	0.50	0.67	0.67	0.45	0.70	0.45	0.67	1.00	NA	0.50	0.67	0.50	NA	0.56	0.40	0.78	NA	0.33	0.53	0.67	0.80	0.80	0.40	0.50	0.50	0.56	0.64	NA	0.50	0.50	1.00	0.57	NA	0.80	0.65	0.78	0.50	NA	NA	NA	0.62	0.67	NA	1.00	NA	NA	0.33	0.80
ran_6.txt	NA	0.67	1.00	0.50	0.44	NA	NA	0.62	0.50	0.80	0.67	0.54	0.83	0.55	1.00	1.00	1.00	0.67	0.83	0.64	0.75	0.75	0.75	0.50	0.67	0.50	0.71	0.57	0.60	0.83	NA	0.66	0.57	0.50	0.44	0.80	NA	1.00	0.67	0.33	0.67	0.67	1.00	0.62	0.50	0.67	0.86	0.67	0.50	0.73	0.50	NA	0.50	0.50	0.61	0.71	0.50	0.70	1.00	0.50	0.56	0.61	0.50	0.56	0.46	0.43	0.45	0.50	0.50	0.80	0.50	0.60	0.50	0.75	1.00	0.62	0.50	0.67	0.67	0.60	1.00	1.00	NA	0.60	0.40	0.55	0.70	0.67	0.67	1.00	0.52	1.00	0.67	1.00	0.62	0.39	0.67	1.00	0.44	1.00	0.67	0.71	0.42	1.00	0.83	0.33	0.50	0.75	0.67	0.92	0.80	0.80	0.50	0.67	NA	1.00	0.69	0.50	0.71	0.36	0.67	0.33	0.42	0.67	0.63	0.78	0.61	0.53	0.33	0.60	0.67	0.50	0.33	0.50	0.68	0.41	0.45	0.55	0.73	NA	0.56	1.00	0.50	0.56	0.48	0.50	0.57	0.56	0.50	0.60	0.75	0.56	0.43	0.50	0.67	0.67	0.41	0.75	0.67	1.00	NA	1.00	0.57	0.43	1.00	0.50	0.67	0.71	NA	NA	0.55	0.80	0.75	0.43	0.57	0.55	0.50	0.60	0.40	NA	1.00	0.50	0.50	0.44	1.00	0.50	0.39	0.80	0.50	0.50	NA	NA	0.60	0.56	NA	0.50	0.50	NA	0.33	0.50
ran_60.txt	1.00	0.71	0.50	0.50	0.60	NA	NA	0.78	0.67	0.50	0.50	0.64	0.85	0.61	1.00	1.00	1.00	1.00	1.00	0.64	0.50	0.67	0.67	0.50	0.67	0.44	0.57	0.44	0.75	0.67	NA	0.59	0.51	0.75	0.48	0.50	1.00	0.50	0.45	0.50	0.50	0.58	0.50	0.50	0.50	0.50	0.57	1.00	0.67	0.80	1.00	1.00	1.00	0.50	0.72	0.50	0.50	0.55	NA	0.56	0.58	0.67	0.43	0.57	0.52	0.78	0.62	0.61	0.60	0.50	0.50	0.50	0.43	0.62	0.50	0.38	0.71	0.50	0.50	0.75	1.00	NA	NA	0.50	0.50	0.55	0.56	0.50	0.60	NA	0.56	NA	0.50	0.33	0.56	0.60	0.67	0.50	0.57	0.50	1.00	0.44	0.65	1.00	0.71	0.67	0.50	0.50	0.67	0.58	1.00	0.50	0.86	0.89	0.67	0.75	0.54	0.60	0.50	0.67	0.50	0.50	0.35	0.67	0.53	0.67	0.57	0.61	0.67	0.80	0.60	1.00	NA	0.43	0.58	0.59	0.50	0.44	0.46	NA	0.57	1.00	0.57	0.56	0.48	0.60	0.75	0.41	0.50	0.57	0.50	0.71	0.43	1.00	0.33	0.56	0.39	0.62	1.00	0.67	1.00	0.60	0.53	0.62	0.50	0.70	0.75	0.44	NA	0.67	0.45	0.57	0.75	0.50	0.40	0.40	1.00	0.50	0.50	NA	0.50	0.67	0.75	0.50	0.50	0.33	0.50	0.70	0.50	1.00	NA	NA	0.56	0.62	NA	0.50	0.50	NA	0.67	0.75
ran_61.txt	1.00	0.55	1.00	0.50	0.64	NA	NA	0.38	NA	0.83	0.56	0.77	0.60	0.57	NA	0.60	0.50	1.00	0.83	0.45	0.75	0.80	1.00	NA	1.00	0.56	0.67	0.67	0.60	0.83	NA	0.48	0.49	0.75	0.57	0.50	NA	0.60	0.33	0.50	0.64	0.38	0.50	0.43	0.50	0.50	0.50	0.50	0.73	0.89	1.00	0.50	NA	NA	0.75	0.44	NA	0.67	0.50	0.50	0.58	0.44	0.50	0.52	0.52	0.50	0.54	0.52	0.78	0.62	1.00	0.67	0.60	0.38	0.75	0.57	0.40	0.29	0.44	0.50	0.80	0.50	1.00	0.80	0.40	0.64	0.36	1.00	0.67	0.50	0.56	1.00	0.33	1.00	0.62	0.61	0.33	0.50	0.44	0.50	0.50	0.62	0.54	1.00	0.75	0.67	0.50	0.75	0.50	0.62	0.67	0.80	0.60	0.75	1.00	0.80	0.48	0.50	0.62	0.53	0.67	0.50	0.42	0.67	0.63	0.70	0.58	0.66	0.67	0.43	0.33	NA	0.50	0.50	0.54	0.41	0.75	0.53	0.40	NA	0.57	0.67	0.83	0.52	0.53	0.60	0.50	0.64	1.00	0.83	1.00	0.43	0.86	1.00	0.33	0.38	0.62	0.77	0.67	NA	0.50	1.00	0.70	0.50	0.50	0.60	0.75	0.67	NA	0.67	0.47	0.67	0.75	0.83	0.60	0.50	1.00	0.50	0.55	NA	0.50	0.75	0.75	0.57	NA	0.50	0.60	0.50	NA	1.00	NA	NA	0.62	0.75	NA	NA	NA	NA	1.00	0.60
ran_62.txt	0.50	0.71	1.00	0.71	0.50	NA	NA	0.62	0.50	0.33	0.50	0.70	0.45	0.47	1.00	0.50	0.75	0.33	0.71	0.64	0.50	0.33	0.75	NA	0.50	0.71	1.00	0.44	0.50	0.67	NA	0.49	0.58	0.50	0.59	0.40	NA	0.83	0.80	0.50	0.59	0.69	0.75	0.71	0.50	0.50	0.83	1.00	0.50	0.50	0.50	0.50	NA	0.50	0.62	1.00	0.50	0.53	NA	0.35	0.53	0.61	0.80	0.54	0.69	0.62	0.64	0.39	0.67	0.50	0.40	0.80	0.29	0.43	NA	0.70	0.50	1.00	0.57	0.67	0.75	0.50	1.00	0.40	0.80	0.38	0.54	0.75	0.67	0.50	0.38	1.00	1.00	0.67	0.67	0.58	0.67	0.50	0.71	1.00	0.50	0.62	0.53	0.67	0.60	1.00	1.00	1.00	0.67	0.46	1.00	0.80	0.67	0.50	1.00	0.50	0.51	0.50	0.50	0.62	1.00	NA	0.70	0.75	0.55	0.56	0.52	0.67	1.00	0.83	0.50	1.00	0.67	0.71	0.56	0.53	0.38	0.54	0.64	NA	0.43	NA	0.50	0.64	0.60	0.80	0.33	0.44	1.00	0.33	0.33	0.75	0.29	0.50	0.50	0.50	0.56	0.81	0.67	0.67	NA	0.80	0.67	0.50	1.00	0.79	0.40	0.67	NA	0.67	0.65	0.67	0.50	0.80	0.80	0.42	1.00	0.67	0.40	NA	0.50	0.57	1.00	0.80	1.00	1.00	0.65	0.55	1.00	NA	NA	NA	0.60	0.75	NA	NA	0.50	NA	0.50	0.80
ran_63.txt	0.50	0.56	1.00	0.86	0.40	NA	NA	0.71	0.33	0.67	0.67	0.73	0.40	0.48	1.00	0.80	0.75	1.00	0.62	0.50	1.00	0.50	0.75	0.50	0.33	0.60	0.50	0.62	1.00	0.50	NA	0.44	0.65	0.75	0.45	0.80	0.50	0.60	0.45	0.67	0.65	0.67	0.33	0.62	0.50	0.33	0.50	1.00	0.50	0.75	0.33	0.50	NA	1.00	0.44	0.75	NA	0.78	1.00	0.48	0.52	0.40	0.67	0.50	0.61	0.88	0.69	0.64	0.75	0.67	1.00	0.60	0.57	0.56	0.75	0.67	0.57	0.40	0.57	0.60	0.75	1.00	0.50	0.75	0.67	0.75	0.50	0.75	0.67	0.50	0.52	0.50	0.67	0.50	0.53	0.43	0.67	0.75	0.60	NA	1.00	0.44	0.52	0.67	0.57	0.50	0.67	0.33	1.00	0.46	0.80	0.60	0.57	0.67	0.50	0.50	0.49	0.67	0.67	0.50	0.67	0.50	0.62	0.75	0.53	0.40	0.53	0.47	0.33	0.40	0.60	0.50	0.50	0.43	0.56	0.59	0.53	0.56	0.67	NA	0.60	0.50	0.43	0.48	0.62	0.60	0.57	0.50	0.50	0.33	1.00	0.38	0.71	0.33	1.00	0.53	0.41	0.71	0.50	0.67	1.00	0.50	0.57	0.88	NA	0.50	0.67	0.50	NA	1.00	0.56	0.83	1.00	0.60	0.50	0.40	0.50	0.30	0.45	NA	0.67	0.83	0.40	0.44	NA	0.40	0.67	0.33	0.50	1.00	NA	NA	0.75	0.44	NA	0.50	NA	NA	1.00	0.75
ran_64.txt	1.00	0.50	0.33	0.33	0.60	NA	NA	0.56	1.00	0.67	0.43	0.58	0.75	0.45	0.50	0.50	1.00	0.67	0.62	0.67	0.50	0.75	0.67	0.50	0.50	0.50	0.33	0.44	0.67	0.50	NA	0.67	0.60	0.50	0.62	0.50	1.00	0.67	0.50	1.00	0.52	0.45	0.67	0.57	0.75	0.50	0.50	0.67	0.70	0.71	1.00	1.00	0.50	1.00	0.56	0.56	NA	0.64	0.50	0.68	0.56	0.60	0.67	0.56	0.38	0.78	0.50	0.50	0.67	0.40	0.50	0.75	0.60	0.50	0.67	0.42	0.67	0.60	0.50	0.40	0.67	1.00	NA	0.50	0.50	0.50	0.73	0.50	0.50	NA	0.57	0.50	1.00	1.00	0.62	0.55	0.67	1.00	0.57	NA	0.33	0.67	0.68	0.50	0.60	NA	0.50	0.67	NA	0.50	0.60	0.83	0.62	0.56	0.50	1.00	0.61	0.40	0.40	0.54	NA	NA	0.71	0.75	0.61	0.50	0.54	0.63	0.50	0.43	0.50	NA	0.67	0.57	0.54	0.59	0.50	0.40	0.67	NA	0.50	0.67	0.71	0.69	0.61	0.50	0.86	0.68	0.50	0.67	0.25	0.62	0.78	0.67	1.00	0.69	0.50	0.47	0.67	1.00	0.50	0.50	0.60	0.43	1.00	0.64	0.60	0.57	NA	0.67	0.74	1.00	0.25	0.17	0.33	0.55	0.50	0.56	0.73	NA	0.50	1.00	0.60	0.67	0.50	0.80	0.50	0.67	1.00	1.00	NA	NA	0.44	0.44	NA	0.50	0.50	NA	0.67	0.60
ran_65.txt	1.00	0.36	0.67	0.50	0.70	NA	NA	0.80	NA	0.40	0.60	0.58	0.54	0.60	0.50	0.40	1.00	0.50	0.67	0.50	0.75	0.60	0.67	NA	0.33	0.50	0.57	0.44	0.75	0.40	NA	0.60	0.55	0.75	0.36	0.75	1.00	0.71	0.88	0.33	0.57	0.77	0.50	0.60	0.33	0.50	0.33	0.67	0.67	0.78	1.00	0.50	1.00	1.00	0.53	0.62	0.50	0.50	1.00	0.71	0.52	0.47	0.57	0.50	0.62	1.00	0.67	0.63	0.56	0.60	0.50	0.80	0.57	0.50	1.00	0.62	0.57	0.60	0.50	0.40	0.67	1.00	1.00	0.50	0.50	0.36	0.55	1.00	0.83	1.00	0.52	NA	0.67	0.67	0.62	0.63	1.00	1.00	0.71	1.00	0.67	0.62	0.52	0.67	0.50	1.00	1.00	0.75	NA	0.69	0.40	0.83	0.50	0.56	0.50	0.67	0.43	0.60	0.83	0.67	NA	1.00	0.47	0.50	0.59	0.70	0.62	0.67	0.67	0.71	0.60	NA	NA	0.67	0.53	0.54	0.65	0.67	0.44	NA	0.61	0.67	0.83	0.54	0.63	0.50	0.86	0.59	0.50	0.57	1.00	0.75	0.50	0.67	0.67	0.75	0.70	0.67	1.00	NA	0.50	0.50	0.50	0.38	NA	0.47	0.60	0.88	NA	0.67	0.62	0.33	0.50	0.71	0.57	0.78	0.50	0.60	0.33	NA	1.00	0.57	0.80	0.75	NA	0.40	0.79	0.71	1.00	0.50	NA	NA	0.57	0.25	NA	1.00	1.00	NA	0.33	0.40
ran_66.txt	1.00	0.50	0.75	0.43	0.67	NA	NA	0.50	NA	0.67	0.86	0.50	0.69	0.58	0.50	0.67	0.67	0.50	0.57	0.64	0.67	0.50	0.50	0.50	1.00	0.67	0.57	0.71	0.60	0.40	NA	0.58	0.63	0.25	0.44	0.40	NA	0.67	0.60	0.75	0.62	0.58	0.50	0.56	0.40	0.67	0.80	0.67	0.42	0.64	0.67	0.50	NA	1.00	0.69	0.75	1.00	0.61	1.00	0.75	0.48	0.53	0.43	0.52	0.32	0.75	0.46	0.42	0.70	0.75	NA	0.50	0.75	0.67	0.60	0.56	0.67	0.67	0.71	0.50	0.75	0.50	NA	0.67	0.50	0.83	0.82	0.67	0.80	0.50	0.57	0.50	0.50	0.67	0.40	0.54	0.50	0.67	0.86	NA	1.00	0.44	0.53	1.00	0.33	0.67	0.33	1.00	1.00	0.60	0.75	0.60	0.70	0.50	1.00	0.60	0.59	0.50	0.75	0.45	0.67	NA	0.69	0.75	0.48	0.40	0.59	0.53	1.00	1.00	0.60	0.50	1.00	0.67	0.61	0.62	0.50	0.69	0.54	NA	0.45	1.00	0.88	0.43	0.49	1.00	0.60	0.52	0.50	0.75	0.50	0.43	0.75	0.50	0.50	0.53	0.40	0.43	1.00	1.00	0.50	0.40	0.40	0.44	1.00	0.64	0.60	0.50	NA	0.50	0.51	0.57	0.80	0.67	0.57	0.78	0.50	0.56	0.56	NA	0.67	0.67	1.00	0.38	0.50	0.60	0.50	0.57	0.50	0.50	NA	NA	0.62	0.67	NA	0.50	NA	NA	0.50	0.67
ran_67.txt	1.00	0.55	0.33	0.57	0.44	NA	NA	0.80	0.67	1.00	0.75	0.60	0.36	0.67	0.50	0.40	1.00	1.00	0.86	0.50	0.50	0.25	0.67	1.00	0.67	0.50	0.71	0.62	0.75	0.50	NA	0.68	0.50	0.40	0.50	0.50	NA	0.71	0.56	1.00	0.52	0.55	0.67	0.83	0.60	0.67	0.38	0.67	0.60	0.44	0.50	NA	0.50	0.50	0.59	0.62	1.00	0.63	0.50	0.44	0.65	0.45	0.50	0.50	0.64	0.75	0.42	0.67	0.67	0.67	0.83	0.75	0.57	0.50	1.00	0.60	0.50	0.57	0.57	0.50	0.75	0.50	0.50	0.50	0.67	0.56	0.60	0.50	0.40	NA	0.67	0.50	0.75	1.00	0.68	0.55	1.00	0.50	0.43	1.00	0.67	0.50	0.60	1.00	0.75	1.00	0.67	0.67	0.67	0.67	1.00	0.80	0.88	0.62	0.67	0.50	0.69	0.50	0.57	0.56	NA	NA	0.60	0.50	0.42	0.78	0.53	0.48	0.50	0.43	0.80	1.00	1.00	0.57	0.53	0.49	0.61	0.46	0.54	NA	0.56	1.00	0.57	0.57	0.56	0.50	0.60	0.61	NA	1.00	0.67	0.75	0.57	0.50	0.67	0.38	0.67	0.55	0.33	0.67	NA	0.60	0.59	0.44	0.50	0.36	0.50	0.88	NA	1.00	0.49	0.43	0.67	0.57	0.33	0.82	0.50	0.50	0.45	NA	0.67	0.50	0.50	0.44	0.50	0.43	0.58	0.64	NA	NA	NA	NA	0.50	0.70	NA	1.00	0.50	NA	0.50	0.50
ran_68.txt	0.50	0.50	0.67	0.50	0.62	NA	NA	0.75	1.00	0.80	0.33	0.62	0.45	0.47	1.00	0.50	0.67	1.00	0.50	0.73	0.33	0.50	0.75	NA	1.00	1.00	0.50	0.86	0.75	0.75	NA	0.60	0.63	0.67	0.56	0.67	NA	0.57	0.89	0.33	0.56	0.70	0.67	0.43	0.60	0.67	0.62	0.33	0.42	0.67	0.50	0.50	1.00	1.00	0.71	0.50	0.50	0.65	NA	0.67	0.55	0.59	0.50	0.48	0.68	0.62	0.45	0.64	0.57	0.44	0.40	0.40	0.43	0.71	0.75	0.64	0.83	0.50	0.50	0.67	0.50	0.50	NA	1.00	0.80	0.45	0.64	0.33	0.67	1.00	0.64	NA	0.75	1.00	0.50	0.60	0.67	1.00	1.00	1.00	0.33	0.67	0.55	NA	0.50	1.00	0.50	0.50	0.67	0.69	0.75	0.80	0.50	0.56	1.00	0.33	0.67	0.50	0.71	0.43	0.67	1.00	0.53	1.00	0.61	0.36	0.51	0.61	0.50	0.60	0.75	0.50	0.67	0.38	0.62	0.62	0.71	0.60	0.42	NA	0.57	0.50	0.80	0.50	0.62	0.67	0.50	0.67	0.50	0.86	0.75	0.71	0.67	0.33	0.67	0.50	0.56	0.67	1.00	0.67	0.50	0.50	0.45	0.67	0.50	0.64	0.67	0.43	NA	1.00	0.61	0.57	0.50	1.00	0.60	0.50	0.50	0.55	0.56	NA	0.50	0.50	0.80	0.62	1.00	0.80	0.53	0.50	0.50	1.00	NA	NA	0.33	0.56	NA	0.50	0.50	NA	NA	1.00
ran_69.txt	NA	0.40	0.67	0.75	0.67	NA	NA	0.71	NA	0.60	0.33	0.91	0.58	0.58	1.00	0.60	0.50	0.75	0.62	0.67	1.00	1.00	0.67	1.00	0.67	0.62	0.57	0.75	0.50	0.50	NA	0.54	0.49	0.50	0.64	0.60	NA	0.57	0.70	0.67	0.59	0.42	0.75	0.88	0.50	0.50	0.75	0.67	0.86	0.33	0.50	0.50	NA	NA	0.59	0.57	1.00	0.62	0.50	0.54	0.59	0.61	0.67	0.56	0.48	0.78	0.64	0.64	0.56	0.56	0.40	0.50	0.40	1.00	0.50	0.42	0.57	0.67	0.75	0.80	0.67	0.50	0.50	1.00	0.60	0.62	0.25	1.00	0.43	0.50	0.68	0.50	0.25	0.33	0.40	0.54	0.33	0.67	0.33	0.50	0.67	0.80	0.56	0.67	0.50	1.00	0.67	0.50	0.67	0.46	0.60	0.60	0.83	0.56	0.50	0.67	0.58	0.50	0.50	0.56	1.00	1.00	0.41	0.50	0.38	0.50	0.55	0.45	0.67	0.71	0.50	1.00	0.50	0.33	0.56	0.58	0.61	0.68	0.42	NA	0.65	0.50	0.60	0.54	0.50	0.60	0.43	0.50	0.50	0.57	0.67	0.62	0.57	0.50	1.00	0.42	0.55	0.46	0.67	0.33	1.00	0.67	0.43	0.67	NA	0.57	0.50	0.78	NA	0.67	0.61	0.60	0.75	0.60	0.71	0.50	1.00	0.75	0.55	NA	0.75	0.60	0.60	0.43	0.50	0.33	0.50	0.89	1.00	NA	NA	NA	0.33	0.71	NA	1.00	0.50	NA	0.50	0.60
ran_7.txt	0.50	0.50	1.00	0.71	0.88	NA	NA	0.62	NA	1.00	0.62	0.60	0.45	0.44	NA	0.60	0.75	0.50	0.60	0.67	0.50	0.60	0.67	NA	0.50	0.57	0.71	0.62	0.40	0.40	NA	0.52	0.45	0.50	0.52	0.50	NA	0.67	0.36	0.50	0.57	0.75	0.75	0.78	0.50	0.67	0.75	0.67	0.56	0.70	1.00	1.00	0.50	NA	0.79	0.29	1.00	0.68	NA	0.62	0.62	0.44	0.60	0.52	0.56	0.50	0.64	0.71	0.57	0.43	0.60	0.50	0.40	0.75	0.50	0.33	0.86	0.57	0.71	0.50	1.00	0.50	1.00	0.80	0.50	0.33	0.56	0.67	0.43	NA	0.54	NA	1.00	1.00	0.60	0.59	1.00	0.33	0.62	NA	0.67	0.71	0.58	0.67	0.57	0.33	0.67	0.75	0.67	0.55	0.50	0.80	0.62	0.44	0.67	0.75	0.67	0.50	1.00	0.71	1.00	NA	0.53	1.00	0.64	0.56	0.53	0.50	1.00	0.86	0.80	NA	1.00	0.67	0.53	0.55	0.40	0.58	0.36	NA	0.47	0.33	0.62	0.65	0.44	1.00	0.40	0.52	NA	0.50	0.67	0.86	0.62	1.00	1.00	0.57	0.55	0.64	NA	1.00	0.50	0.60	0.57	0.44	NA	0.69	0.75	0.62	NA	0.67	0.58	0.83	1.00	0.71	0.43	0.50	1.00	0.60	0.73	NA	0.33	0.80	0.40	1.00	0.50	0.83	0.44	0.40	1.00	NA	NA	NA	0.56	0.40	NA	0.50	NA	NA	0.67	0.75
ran_70.txt	0.50	0.44	1.00	0.60	0.73	NA	NA	0.62	0.50	0.50	0.50	0.58	0.33	0.62	1.00	0.75	0.33	0.50	0.50	0.36	0.50	0.75	0.50	1.00	0.67	0.71	0.88	0.57	0.40	0.83	NA	0.69	0.53	0.40	0.61	0.50	1.00	0.57	0.50	0.67	0.50	0.60	0.50	0.60	0.50	0.50	0.60	0.67	0.45	0.56	0.50	NA	NA	0.50	0.33	0.71	NA	0.68	0.50	0.35	0.57	0.56	0.40	0.58	0.38	0.62	0.55	0.48	0.75	0.60	1.00	1.00	0.50	0.38	0.60	0.70	0.57	0.83	0.86	0.50	0.40	1.00	NA	0.60	0.50	0.50	0.50	0.50	0.50	1.00	0.44	NA	0.75	0.67	0.67	0.58	0.67	0.33	0.67	NA	NA	0.62	0.56	0.67	0.80	0.67	0.67	1.00	NA	0.54	0.67	0.67	0.50	0.67	0.50	0.50	0.57	0.40	0.83	0.43	0.67	0.33	0.79	0.50	0.52	0.60	0.56	0.59	0.67	0.67	0.50	0.50	0.67	0.62	0.62	0.51	0.47	0.60	0.70	NA	0.62	0.50	0.75	0.56	0.51	0.60	0.43	0.61	NA	0.80	0.75	0.88	0.50	1.00	0.67	0.77	0.60	0.43	1.00	0.50	1.00	0.80	0.40	0.62	NA	0.50	0.40	0.50	NA	NA	0.62	0.60	1.00	0.83	0.50	0.50	1.00	0.44	0.50	NA	0.75	0.83	0.60	0.50	NA	0.60	0.61	0.58	0.50	1.00	NA	NA	0.44	0.38	NA	0.50	0.50	NA	0.67	0.67
ran_71.txt	1.00	0.57	1.00	0.50	0.44	NA	NA	0.43	0.33	0.67	0.50	0.62	0.70	0.55	0.67	0.50	1.00	0.33	0.67	0.50	0.75	1.00	0.67	NA	0.50	0.50	0.50	0.38	1.00	0.67	NA	0.60	0.59	0.60	0.70	0.75	1.00	0.50	0.80	1.00	0.73	0.64	0.25	0.33	0.80	0.33	0.60	NA	0.67	0.75	1.00	1.00	0.50	1.00	0.39	0.86	0.50	0.72	NA	0.55	0.45	0.61	0.67	0.56	0.50	0.67	0.57	0.55	0.50	0.62	0.60	0.60	0.40	0.38	0.33	0.27	0.75	0.86	0.57	0.80	0.50	0.50	0.50	0.75	0.60	0.70	0.64	1.00	0.83	NA	0.55	0.50	1.00	0.67	0.44	0.61	1.00	0.50	0.56	0.50	1.00	0.57	0.56	1.00	0.50	0.50	1.00	0.75	0.50	0.79	0.50	0.60	0.78	0.57	1.00	0.50	0.66	0.67	0.88	0.47	0.50	1.00	0.47	0.50	0.48	0.45	0.53	0.47	0.50	0.86	0.80	0.50	0.67	0.57	0.46	0.34	0.58	0.68	0.71	NA	0.58	0.67	0.71	0.57	0.48	0.80	0.80	0.48	1.00	0.50	0.33	0.33	0.75	1.00	0.67	0.60	0.59	0.57	0.67	0.67	NA	0.40	0.59	0.62	NA	0.80	0.75	0.50	NA	0.50	0.41	0.67	0.40	0.50	0.67	0.62	NA	0.50	0.75	NA	0.67	0.67	0.80	0.86	1.00	0.50	0.71	0.55	NA	NA	NA	NA	0.70	0.83	NA	1.00	1.00	NA	0.67	0.50
ran_72.txt	1.00	0.78	0.50	0.88	0.50	NA	NA	0.78	1.00	0.50	0.70	0.44	0.67	0.50	0.67	0.67	1.00	0.75	0.71	0.64	0.75	0.67	0.67	0.50	0.67	0.56	0.43	0.50	0.60	1.00	NA	0.44	0.60	0.60	0.64	0.60	NA	0.60	0.62	1.00	0.71	0.80	0.75	0.86	0.60	0.50	0.71	0.50	0.60	0.50	0.50	NA	NA	1.00	0.47	0.50	0.50	0.72	0.50	0.50	0.57	0.72	0.71	0.59	0.50	0.44	0.33	0.61	0.57	0.80	0.80	0.60	0.67	0.86	0.40	0.75	0.67	0.57	0.44	0.67	0.50	0.50	0.50	0.60	0.40	0.60	0.45	0.67	0.83	1.00	0.58	1.00	1.00	1.00	0.44	0.59	0.33	0.50	0.50	NA	1.00	0.57	0.56	0.67	0.57	0.50	NA	1.00	0.50	0.30	0.75	1.00	0.62	0.67	1.00	1.00	0.49	0.60	0.50	0.53	1.00	NA	0.62	0.75	0.70	0.60	0.50	0.55	0.67	0.57	0.67	1.00	1.00	0.57	0.58	0.47	0.50	0.59	0.60	NA	0.59	0.67	0.57	0.67	0.57	0.67	0.50	0.60	NA	1.00	0.75	0.75	0.56	0.50	0.67	0.38	0.75	0.38	0.50	0.67	1.00	1.00	0.61	0.44	1.00	0.62	0.60	0.67	NA	0.50	0.53	0.40	0.80	0.67	0.67	0.44	1.00	0.73	0.40	NA	0.67	0.67	0.40	0.62	NA	0.83	0.56	0.50	1.00	NA	NA	NA	0.56	0.75	NA	1.00	1.00	NA	0.67	0.67
ran_73.txt	NA	0.44	NA	0.40	0.64	NA	NA	0.50	0.50	0.40	0.67	0.45	0.73	0.61	0.50	0.60	0.67	0.75	0.50	0.56	0.25	0.67	1.00	NA	0.33	0.50	0.67	0.78	0.75	1.00	NA	0.55	0.58	0.60	0.69	0.60	NA	0.67	0.62	0.67	0.45	0.42	0.75	0.38	0.40	1.00	0.33	0.33	0.70	0.56	0.67	NA	1.00	0.50	0.60	0.50	1.00	0.70	0.50	0.56	0.54	0.61	1.00	0.52	0.70	0.50	0.33	0.46	0.88	0.50	0.75	0.75	0.43	0.57	0.67	0.56	0.67	0.60	1.00	0.67	0.50	0.50	0.50	0.75	0.33	0.40	0.50	0.33	0.50	1.00	0.73	0.50	0.75	0.67	0.40	0.68	1.00	1.00	0.50	1.00	0.50	0.33	0.50	1.00	0.43	0.33	1.00	1.00	0.33	0.55	1.00	0.60	0.29	0.75	NA	0.60	0.63	0.33	0.50	0.67	0.67	0.67	0.47	0.33	0.62	0.56	0.59	0.54	0.67	0.67	0.50	0.50	0.50	0.75	0.58	0.61	0.57	0.39	0.38	NA	0.67	1.00	0.38	0.66	0.52	0.80	0.40	0.67	NA	0.75	0.50	0.38	0.75	1.00	0.67	0.56	0.55	0.45	1.00	0.33	0.50	0.60	0.35	0.50	NA	0.71	0.40	0.50	NA	NA	0.58	0.83	0.80	0.57	0.50	0.45	NA	0.75	0.73	NA	0.75	0.60	0.75	0.40	0.50	0.60	0.56	0.70	NA	NA	NA	NA	0.57	0.44	NA	1.00	NA	NA	0.67	1.00
ran_74.txt	NA	0.50	0.50	0.29	0.50	NA	NA	0.62	1.00	0.40	0.40	0.50	0.46	0.63	NA	0.50	0.75	1.00	1.00	0.36	0.25	0.67	0.50	1.00	0.67	0.43	0.50	0.62	0.60	0.75	NA	0.54	0.62	0.40	0.84	0.60	1.00	0.40	0.70	0.50	0.46	0.55	0.50	0.50	0.83	0.67	0.62	0.50	0.64	0.60	0.67	0.50	0.50	1.00	0.65	0.67	1.00	0.62	1.00	0.60	0.55	0.50	0.71	0.52	0.62	0.62	0.69	0.45	0.56	0.57	0.60	0.67	0.57	0.50	0.50	0.50	0.60	0.75	0.83	0.67	0.75	1.00	0.50	0.40	0.83	0.55	0.58	1.00	0.83	0.50	0.48	NA	0.75	0.67	0.37	0.63	1.00	1.00	0.43	0.50	0.50	0.62	0.67	0.67	0.71	0.33	1.00	0.50	0.33	0.54	0.60	0.50	0.57	0.56	0.50	0.80	0.55	0.20	0.71	0.58	1.00	0.50	0.53	0.67	0.58	0.44	0.62	0.59	1.00	0.67	0.33	1.00	NA	0.89	0.67	0.62	0.56	0.56	0.42	NA	0.66	0.67	0.75	0.55	0.50	0.75	0.57	0.46	1.00	0.40	0.50	0.57	0.62	0.50	1.00	0.80	0.53	0.64	0.50	NA	0.50	0.50	0.82	0.57	NA	0.64	0.50	0.60	NA	1.00	0.57	0.67	0.40	0.60	0.67	0.58	NA	0.60	0.78	NA	1.00	0.43	0.50	0.43	0.50	0.67	0.45	0.44	1.00	0.50	NA	NA	0.56	0.62	NA	1.00	0.50	NA	1.00	0.60
ran_75.txt	NA	0.43	0.50	0.67	0.88	NA	NA	0.75	NA	0.60	0.78	0.64	0.30	0.62	0.50	0.50	0.50	0.50	0.75	0.60	NA	0.75	0.50	0.50	1.00	0.33	0.80	0.78	0.50	0.60	NA	0.49	0.48	0.60	0.55	0.60	1.00	0.80	0.33	0.50	0.52	0.50	NA	0.86	0.75	0.67	0.75	0.50	0.73	0.78	1.00	1.00	1.00	NA	0.62	0.44	NA	0.40	0.50	0.44	0.49	0.35	0.67	0.53	0.54	0.62	0.57	0.43	0.62	0.56	1.00	0.50	0.40	0.86	1.00	0.67	0.60	0.67	0.67	0.60	1.00	NA	1.00	0.60	0.50	0.64	0.62	0.67	0.67	0.50	0.63	NA	0.75	1.00	0.50	0.65	1.00	1.00	0.88	NA	1.00	0.50	0.50	0.67	0.60	0.33	1.00	1.00	0.33	0.71	0.80	0.50	0.43	0.44	0.67	0.60	0.51	0.50	0.57	0.62	0.50	0.67	0.42	0.50	0.58	0.50	0.53	0.70	0.67	0.83	0.67	1.00	0.67	0.56	0.52	0.59	0.47	0.68	0.50	NA	0.52	0.67	0.71	0.58	0.53	0.80	0.60	0.56	1.00	0.71	1.00	0.75	0.62	1.00	0.67	0.43	0.48	0.71	0.33	0.50	0.50	0.50	0.59	0.43	NA	0.43	0.67	0.56	NA	1.00	0.56	0.75	0.40	0.40	0.67	0.40	1.00	0.73	0.73	NA	0.50	0.67	0.75	0.62	NA	0.60	0.59	0.92	NA	NA	NA	NA	0.50	0.70	NA	0.50	1.00	NA	0.33	0.50
ran_76.txt	NA	0.70	0.33	0.33	0.44	NA	NA	0.57	0.33	0.50	0.83	0.42	0.40	0.55	1.00	1.00	0.50	0.67	0.50	0.50	0.75	0.50	0.33	0.50	0.50	0.57	0.60	0.57	0.60	1.00	NA	0.70	0.63	0.50	0.58	0.80	0.50	0.67	0.56	0.75	0.62	0.80	0.50	0.62	0.83	NA	0.71	0.67	0.42	0.50	0.67	NA	1.00	1.00	0.53	0.38	NA	0.74	0.50	0.52	0.49	0.62	0.43	0.63	0.55	0.43	0.42	0.45	0.50	0.43	0.60	0.75	0.50	0.67	0.33	0.67	1.00	0.50	0.50	0.80	0.80	1.00	0.50	0.75	0.67	0.50	0.50	0.75	0.57	0.50	0.46	0.50	0.75	0.67	0.59	0.56	0.67	0.67	0.62	1.00	0.67	0.56	0.59	0.33	0.62	0.50	0.67	0.75	0.33	0.38	0.67	0.40	0.88	0.56	0.33	0.50	0.65	0.75	0.67	0.57	0.67	0.67	0.47	0.75	0.52	0.70	0.51	0.51	0.33	1.00	0.50	1.00	1.00	0.83	0.56	0.51	0.41	0.44	0.42	NA	0.58	1.00	0.50	0.55	0.43	0.75	1.00	0.65	NA	0.71	1.00	0.43	0.57	1.00	0.67	0.73	0.68	0.75	0.67	0.50	0.50	0.83	0.61	0.50	0.50	0.60	0.50	0.44	NA	0.67	0.71	0.71	0.50	0.60	0.67	0.89	0.50	0.64	0.50	NA	0.50	0.83	1.00	0.67	1.00	0.67	0.65	0.45	0.50	0.50	NA	NA	0.56	0.71	NA	0.50	0.50	NA	0.50	0.80
ran_77.txt	0.50	0.67	0.50	0.57	0.57	NA	NA	0.44	1.00	0.60	0.80	0.58	0.36	0.43	1.00	1.00	0.50	0.50	0.50	0.30	1.00	0.50	0.67	0.50	1.00	0.56	0.78	0.67	0.75	0.60	NA	0.56	0.54	0.60	0.52	0.40	1.00	0.67	0.60	0.50	0.72	0.50	0.67	0.50	0.60	0.67	0.50	NA	0.36	0.40	0.50	NA	NA	0.50	0.67	0.62	NA	0.65	1.00	0.71	0.41	0.76	0.67	0.50	0.45	0.44	0.85	0.57	0.44	0.50	0.50	0.80	0.50	0.62	0.80	0.40	0.57	0.57	0.38	0.60	0.60	NA	0.50	1.00	0.67	0.67	0.36	0.50	0.75	0.50	0.48	NA	0.75	0.67	0.47	0.63	0.67	0.67	0.67	1.00	1.00	0.56	0.65	NA	0.83	0.67	0.67	0.25	0.67	0.58	0.50	0.75	0.33	0.56	1.00	0.80	0.56	0.60	0.50	0.58	0.33	0.67	0.67	1.00	0.62	0.67	0.55	0.55	1.00	0.83	0.60	0.50	0.33	0.75	0.52	0.59	0.61	0.68	0.64	NA	0.35	0.67	0.57	0.60	0.56	0.50	0.80	0.68	1.00	0.80	0.75	0.44	0.75	0.67	0.67	0.60	0.73	0.40	1.00	0.67	1.00	0.60	0.60	0.33	0.50	0.50	0.50	0.50	NA	0.67	0.52	0.71	0.50	1.00	0.60	0.50	NA	0.75	0.70	NA	0.33	0.67	0.50	0.43	NA	0.50	0.47	0.55	0.50	0.50	NA	NA	0.62	0.56	NA	NA	NA	NA	1.00	1.00
ran_78.txt	0.50	0.73	0.50	0.33	0.64	NA	NA	0.62	0.50	0.33	0.67	0.31	0.58	0.42	0.67	0.50	0.50	0.67	0.67	0.83	1.00	0.60	1.00	1.00	0.67	0.75	0.44	0.67	0.80	0.60	NA	0.52	0.61	0.80	0.50	0.67	1.00	0.67	0.55	1.00	0.64	0.70	0.50	0.80	0.67	0.50	0.57	1.00	0.56	0.44	0.67	0.50	NA	0.50	0.56	1.00	NA	0.50	NA	0.56	0.52	0.44	0.57	0.58	0.43	0.57	0.57	0.74	0.71	0.60	0.67	0.40	0.83	0.88	1.00	0.44	0.40	0.71	0.50	0.60	0.75	1.00	NA	0.60	0.80	0.75	0.33	0.67	0.57	1.00	0.54	1.00	1.00	0.67	0.62	0.51	0.50	0.50	0.33	0.50	0.33	0.50	0.70	0.67	0.43	1.00	0.67	0.50	0.50	0.69	0.50	0.75	0.56	0.38	1.00	0.67	0.53	0.40	0.67	0.55	NA	0.67	0.63	1.00	0.53	0.60	0.51	0.46	0.50	0.86	0.83	0.50	1.00	0.67	0.49	0.53	0.53	0.48	0.42	NA	0.47	1.00	0.40	0.50	0.53	0.80	0.86	0.56	1.00	0.57	0.50	0.44	0.50	1.00	1.00	0.53	0.45	0.58	1.00	0.33	0.50	0.60	0.41	0.38	0.50	0.60	0.40	0.67	NA	1.00	0.41	0.71	0.60	0.83	0.50	0.71	NA	0.58	0.70	NA	0.67	0.50	0.67	0.57	0.50	0.50	0.78	0.60	NA	0.50	NA	NA	0.80	0.60	NA	NA	0.50	NA	0.67	0.33
ran_79.txt	0.50	0.55	0.50	0.75	0.50	NA	NA	0.38	1.00	0.67	0.50	0.58	0.42	0.54	0.33	1.00	0.75	0.33	0.83	0.40	0.50	0.50	0.50	NA	0.50	0.57	0.78	0.67	0.75	0.40	NA	0.49	0.58	0.75	0.62	0.67	1.00	0.60	0.56	1.00	0.38	0.67	0.67	0.50	0.67	0.50	1.00	1.00	0.70	0.40	0.50	1.00	1.00	0.50	0.53	0.56	NA	0.67	0.50	0.42	0.73	0.67	0.50	0.53	0.52	0.44	0.42	0.50	0.71	0.86	0.67	0.60	0.40	0.57	0.67	0.50	0.33	0.71	0.75	0.75	0.50	NA	NA	0.75	0.75	0.67	0.67	0.50	0.50	NA	0.52	0.50	0.67	1.00	0.53	0.59	0.50	0.67	0.38	1.00	0.50	0.44	0.52	0.67	0.83	0.67	0.50	1.00	0.33	0.62	0.50	0.33	0.83	0.50	0.67	0.60	0.59	0.60	0.67	0.77	0.67	1.00	0.65	0.33	0.55	0.70	0.56	0.47	0.67	0.71	0.60	1.00	0.67	0.89	0.53	0.50	0.44	0.57	0.60	NA	0.70	0.67	0.62	0.51	0.47	0.75	0.57	0.67	0.50	0.57	0.67	0.86	0.67	0.67	1.00	0.77	0.50	0.60	0.67	1.00	0.50	0.50	0.39	0.56	0.50	0.47	0.50	0.62	NA	0.67	0.71	0.83	0.67	0.50	0.40	0.55	NA	0.55	0.40	NA	0.33	0.60	0.60	0.44	NA	0.60	0.53	0.56	0.50	NA	NA	NA	0.44	0.57	NA	NA	0.50	NA	0.67	0.50
ran_8.txt	0.50	0.80	0.50	0.80	0.71	NA	NA	0.44	0.50	0.75	0.33	0.54	0.58	0.61	0.50	0.67	1.00	0.50	0.62	0.60	1.00	0.60	0.67	0.50	0.50	0.56	0.50	0.38	1.00	0.80	NA	0.59	0.52	0.75	0.50	1.00	NA	0.57	0.70	0.50	0.65	0.60	0.67	1.00	1.00	0.67	0.62	1.00	0.44	0.50	0.67	0.50	NA	1.00	0.57	0.62	NA	0.56	0.50	0.62	0.59	0.44	0.67	0.60	0.56	0.44	0.50	0.70	0.40	0.75	0.50	0.50	0.71	0.67	0.67	0.40	0.83	0.50	0.71	0.75	1.00	0.50	0.50	0.67	1.00	0.45	0.60	1.00	0.71	0.50	0.67	1.00	NA	NA	0.68	0.72	1.00	0.67	0.50	0.50	0.33	0.60	0.58	0.50	0.40	0.67	NA	0.67	0.67	0.62	0.50	0.40	0.67	0.56	0.67	1.00	0.62	0.40	0.50	0.75	1.00	0.67	0.43	0.67	0.59	0.75	0.57	0.65	0.67	0.50	1.00	NA	0.67	0.44	0.58	0.60	0.53	0.50	0.80	NA	0.50	0.67	0.50	0.60	0.62	0.67	0.50	0.74	0.50	0.50	0.67	0.71	0.83	0.33	0.67	0.36	0.48	0.33	0.33	0.67	NA	0.40	0.59	0.38	0.50	0.69	0.50	0.71	NA	1.00	0.75	0.71	0.50	0.60	1.00	0.45	0.50	0.78	0.50	NA	1.00	0.75	0.67	0.60	0.50	0.83	0.53	0.50	1.00	0.50	NA	NA	0.50	0.50	NA	NA	NA	NA	1.00	0.40
ran_80.txt	0.50	0.67	0.67	0.86	0.67	NA	NA	0.75	0.33	0.60	0.90	0.46	0.55	0.67	0.50	1.00	0.75	0.50	0.50	0.44	0.50	0.60	0.67	0.50	0.50	0.50	0.44	0.56	0.60	0.75	NA	0.61	0.53	0.40	0.56	0.50	NA	0.80	0.86	1.00	0.50	0.70	1.00	0.56	0.50	0.33	0.43	0.67	0.75	0.75	1.00	1.00	1.00	0.50	0.60	0.75	NA	0.58	0.50	0.67	0.64	0.60	0.40	0.44	0.48	0.67	0.67	0.69	0.50	0.80	1.00	0.80	0.80	1.00	0.75	0.62	0.50	0.43	0.38	0.67	0.50	0.50	1.00	0.33	0.50	0.56	0.64	1.00	0.57	0.50	0.61	0.50	NA	0.67	0.59	0.54	0.50	0.75	0.75	0.50	0.67	0.56	0.47	NA	0.50	0.67	0.67	0.75	NA	0.46	0.40	1.00	0.62	0.70	0.67	0.40	0.46	0.33	0.50	0.50	1.00	1.00	0.44	0.67	0.48	0.50	0.57	0.51	1.00	0.50	0.33	NA	0.67	0.86	0.43	0.46	0.53	0.52	0.58	NA	0.57	1.00	0.71	0.51	0.40	0.60	0.67	0.62	1.00	0.60	0.67	0.60	0.71	0.50	0.67	0.57	0.65	0.64	1.00	0.67	1.00	0.67	0.41	0.33	0.50	0.38	1.00	0.50	NA	1.00	0.56	0.50	0.33	0.57	0.67	0.56	0.50	0.45	0.70	NA	0.75	0.43	0.75	0.75	0.50	0.67	0.59	0.64	1.00	0.50	NA	NA	0.67	0.62	NA	1.00	1.00	NA	1.00	0.50
ran_81.txt	0.50	0.44	0.67	0.75	0.67	NA	NA	0.56	0.33	0.60	0.44	0.50	0.62	0.76	NA	0.80	0.33	0.50	0.83	0.40	0.75	1.00	1.00	0.50	0.67	0.60	0.38	0.50	0.50	0.50	NA	0.53	0.70	0.67	0.57	0.40	NA	0.67	0.70	1.00	0.76	0.50	0.67	0.33	0.50	0.75	0.50	0.67	0.42	0.25	NA	NA	NA	NA	0.38	0.75	0.50	0.58	1.00	0.62	0.51	0.56	0.67	0.68	0.64	0.80	0.50	0.52	0.88	0.50	0.40	1.00	0.50	0.57	1.00	0.56	0.33	0.57	0.86	0.40	0.33	NA	1.00	0.50	0.60	0.36	0.44	0.75	0.86	1.00	0.35	1.00	0.50	0.67	0.59	0.46	1.00	0.67	0.57	1.00	1.00	0.67	0.54	0.33	0.43	0.67	0.67	0.67	0.67	0.62	0.60	0.60	0.80	0.67	1.00	0.25	0.61	0.50	0.50	0.60	1.00	1.00	0.72	0.75	0.63	0.38	0.59	0.51	0.67	0.50	0.40	NA	0.67	0.33	0.51	0.56	0.47	0.62	0.69	NA	0.57	0.50	0.86	0.46	0.52	0.75	0.50	0.57	NA	0.83	0.33	0.60	0.43	0.67	0.33	0.60	0.65	0.50	NA	0.67	0.50	0.67	0.62	0.50	1.00	0.64	0.67	0.83	NA	0.67	0.60	0.43	0.67	0.60	0.67	0.50	1.00	0.50	0.75	NA	0.50	0.83	0.60	0.83	0.50	0.33	0.72	0.67	0.50	NA	NA	NA	0.43	0.40	NA	1.00	NA	NA	1.00	0.60
ran_82.txt	NA	0.50	0.50	0.75	0.67	NA	NA	0.43	0.67	0.33	0.44	1.00	0.82	0.64	0.67	0.50	0.33	0.67	0.60	0.55	0.50	0.80	0.50	0.50	0.67	0.44	0.62	0.50	0.80	0.80	NA	0.66	0.68	0.75	0.61	0.50	1.00	0.86	0.56	0.33	0.46	0.67	0.67	0.38	0.40	0.67	0.71	0.50	0.88	0.78	1.00	1.00	NA	NA	0.75	0.56	1.00	0.50	1.00	0.56	0.58	0.50	0.57	0.53	0.59	0.50	0.38	0.61	0.67	0.20	0.50	0.75	0.71	0.44	1.00	0.50	0.50	0.71	0.71	0.40	0.50	1.00	NA	0.50	0.60	0.44	0.73	0.33	0.50	NA	0.44	0.50	0.50	0.50	0.58	0.58	0.50	0.75	0.43	NA	0.50	0.62	0.55	1.00	0.57	1.00	0.67	0.50	0.50	0.58	0.50	0.60	0.88	0.89	1.00	0.60	0.55	0.50	0.83	0.57	0.33	0.50	0.67	0.50	0.48	0.70	0.48	0.43	0.33	0.60	0.67	0.50	0.33	0.50	0.60	0.56	0.82	0.53	0.60	NA	0.50	0.50	0.62	0.46	0.63	0.60	0.60	0.59	NA	0.57	0.75	0.57	0.62	0.33	1.00	0.67	0.55	0.54	0.33	1.00	1.00	0.60	0.57	0.57	1.00	0.44	0.75	0.71	NA	0.50	0.67	0.71	0.80	0.67	0.57	0.67	1.00	0.38	0.56	NA	0.50	0.80	0.75	0.71	NA	0.75	0.72	0.56	1.00	1.00	NA	NA	0.71	0.75	NA	1.00	NA	NA	0.50	0.75
ran_83.txt	1.00	0.70	0.67	0.67	0.60	NA	NA	0.80	0.50	0.50	0.56	0.58	0.33	0.67	0.67	0.50	0.50	0.67	0.50	0.67	0.50	0.67	1.00	NA	1.00	0.57	0.50	0.50	0.40	0.67	NA	0.59	0.63	0.80	0.73	0.75	1.00	0.60	0.50	0.67	0.59	0.80	0.50	0.50	0.60	1.00	0.83	NA	0.62	0.56	0.67	1.00	1.00	0.50	0.47	0.44	NA	0.29	0.50	0.76	0.56	0.58	0.80	0.55	0.54	0.57	0.69	0.58	0.50	0.44	0.60	0.75	0.67	0.75	0.67	0.56	0.75	0.57	0.71	0.40	0.50	0.50	0.50	0.50	0.50	0.67	0.67	NA	0.60	1.00	0.61	NA	0.75	0.50	0.46	0.46	1.00	0.67	0.50	1.00	1.00	0.50	0.56	1.00	0.67	0.67	0.67	0.50	0.67	0.58	0.67	0.50	0.50	0.50	0.67	1.00	0.53	0.67	0.57	0.47	0.67	NA	0.61	0.67	0.58	0.71	0.66	0.49	NA	0.60	0.75	NA	0.67	0.38	0.50	0.66	0.72	0.78	0.46	NA	0.53	0.33	0.40	0.45	0.60	0.67	0.50	0.75	0.50	0.40	0.50	0.67	0.78	0.33	NA	0.62	0.64	0.60	0.50	0.67	NA	0.67	0.50	0.44	1.00	0.73	0.75	0.50	NA	1.00	0.64	0.29	0.50	0.60	0.80	0.64	0.50	0.80	0.50	NA	NA	0.60	0.67	0.67	NA	0.60	0.50	0.70	1.00	1.00	NA	NA	0.50	0.50	NA	1.00	0.50	NA	0.67	0.60
ran_84.txt	1.00	0.91	0.67	0.67	0.70	NA	NA	0.50	0.67	0.60	0.62	0.62	0.64	0.52	1.00	0.40	0.75	0.50	0.86	0.40	NA	0.25	0.75	NA	0.67	0.56	0.57	0.88	0.60	0.40	NA	0.70	0.55	0.33	0.60	0.80	NA	0.43	0.50	0.50	0.61	0.36	1.00	0.50	0.75	0.75	0.67	1.00	0.75	0.40	1.00	NA	1.00	NA	0.69	0.57	NA	0.76	1.00	0.67	0.54	0.67	0.50	0.65	0.68	0.67	0.31	0.48	0.50	0.50	0.33	1.00	0.57	0.57	0.60	0.70	0.50	0.67	0.57	0.75	0.80	1.00	NA	1.00	0.67	0.44	0.60	0.50	0.50	NA	0.47	0.50	0.33	0.67	0.53	0.63	0.50	0.67	0.56	NA	0.67	0.29	0.48	1.00	0.33	0.50	0.67	0.67	0.50	0.75	0.50	0.75	0.50	0.57	0.67	0.80	0.57	0.60	0.43	0.44	0.50	0.50	0.62	0.67	0.58	0.60	0.47	0.57	NA	0.86	0.50	1.00	0.67	0.57	0.64	0.51	0.46	0.42	0.77	NA	0.43	0.33	0.50	0.60	0.52	0.75	0.83	0.67	1.00	0.50	0.67	0.29	0.40	1.00	NA	0.53	0.40	0.69	0.67	NA	0.50	0.50	0.67	0.60	1.00	0.57	0.67	0.71	NA	0.67	0.46	0.67	0.25	0.67	0.50	0.67	1.00	0.60	0.55	NA	0.67	0.40	0.50	0.62	0.50	0.80	0.48	0.75	NA	1.00	NA	NA	0.67	0.78	NA	NA	NA	NA	1.00	0.50
ran_85.txt	NA	0.80	0.75	0.71	0.57	NA	NA	0.50	1.00	0.50	0.40	0.58	0.73	0.63	1.00	1.00	1.00	0.75	0.50	0.73	0.50	0.50	0.67	1.00	0.50	0.50	0.50	0.80	0.75	0.40	NA	0.57	0.53	0.75	0.50	0.80	1.00	0.83	0.50	0.33	0.52	0.64	1.00	0.43	0.50	0.50	0.38	1.00	0.50	0.88	0.67	0.50	NA	1.00	0.60	0.57	1.00	0.47	NA	0.44	0.49	0.60	0.67	0.62	0.59	0.67	0.85	0.42	0.78	0.57	0.67	0.67	0.50	0.44	0.75	0.56	0.50	0.60	0.57	0.50	0.40	1.00	0.50	0.75	0.67	0.70	0.62	0.33	0.60	NA	0.52	0.50	1.00	0.50	0.71	0.60	0.50	0.75	0.67	NA	0.50	0.44	0.53	0.67	0.71	0.50	0.50	1.00	1.00	0.67	0.67	0.40	0.75	0.86	0.67	0.75	0.53	0.60	0.67	0.62	0.67	1.00	0.56	0.25	0.50	0.38	0.45	0.64	0.33	0.67	0.60	1.00	0.50	0.71	0.51	0.67	0.53	0.67	0.33	NA	0.67	0.50	0.71	0.53	0.56	0.40	0.57	0.56	0.50	0.71	0.75	0.67	0.71	0.67	0.50	0.57	0.59	0.73	NA	0.50	NA	0.67	0.71	0.50	0.50	0.67	0.67	0.62	NA	0.50	0.54	0.67	0.60	0.80	0.43	0.55	1.00	0.44	0.64	NA	0.67	0.83	1.00	0.50	0.50	0.50	0.62	0.70	NA	1.00	NA	NA	0.56	0.62	NA	NA	1.00	NA	0.67	1.00
ran_86.txt	NA	0.60	1.00	0.50	0.70	NA	NA	1.00	0.50	0.83	0.44	0.67	0.64	0.50	1.00	0.67	1.00	0.75	0.43	0.60	0.75	0.50	NA	0.50	0.67	0.75	0.56	0.67	0.40	0.80	NA	0.63	0.48	0.75	0.74	0.80	1.00	0.50	0.64	1.00	0.40	0.58	0.75	0.83	1.00	1.00	0.50	0.67	0.33	0.56	0.50	1.00	1.00	NA	0.73	0.67	NA	0.47	NA	0.45	0.57	0.69	0.60	0.58	0.45	0.78	0.46	0.48	0.60	0.67	0.50	0.75	0.80	0.57	0.33	0.67	0.50	0.43	0.56	0.67	1.00	0.50	1.00	0.75	0.80	0.44	0.62	0.67	0.75	0.50	0.44	1.00	1.00	0.33	0.50	0.60	0.33	1.00	0.43	NA	0.50	0.50	0.55	0.33	0.86	0.67	0.67	0.67	0.67	0.36	0.25	0.83	0.38	0.90	0.67	0.50	0.58	0.67	0.88	0.57	0.33	0.67	0.59	0.67	0.41	0.62	0.52	0.62	0.50	0.43	0.75	NA	NA	0.88	0.51	0.51	0.58	0.52	0.58	NA	0.47	0.67	0.57	0.48	0.49	0.60	0.50	0.62	0.50	0.67	0.33	0.89	0.60	0.67	0.67	0.36	0.61	0.50	0.67	0.50	1.00	0.60	0.67	0.62	NA	0.62	0.50	1.00	NA	0.33	0.47	0.40	1.00	0.50	0.80	0.60	NA	0.71	0.60	NA	0.67	0.50	1.00	0.67	NA	0.60	0.79	0.50	NA	0.50	NA	NA	0.71	0.62	NA	1.00	NA	NA	1.00	0.40
ran_87.txt	0.50	0.33	0.50	0.50	0.50	NA	NA	0.67	1.00	0.50	0.38	0.50	0.55	0.48	1.00	0.50	0.67	0.67	0.80	0.40	0.33	0.50	0.75	NA	0.67	1.00	0.50	0.70	0.33	0.75	NA	0.47	0.48	0.60	0.67	0.67	1.00	0.83	0.40	0.67	0.62	0.83	0.67	0.50	0.67	0.50	0.83	0.67	0.50	0.44	0.50	0.50	0.50	1.00	0.64	0.71	NA	0.50	0.50	0.43	0.55	0.69	0.60	0.62	0.58	0.33	0.57	0.48	0.67	0.75	0.40	0.67	0.75	0.62	0.50	0.71	0.50	0.71	0.50	0.33	0.80	NA	0.50	0.67	0.60	0.43	0.40	0.33	0.60	1.00	0.71	0.50	0.67	0.67	0.73	0.60	0.50	0.33	0.50	NA	1.00	0.80	0.53	0.50	0.38	1.00	1.00	0.50	0.67	0.31	0.40	0.75	1.00	0.62	0.67	0.40	0.54	0.75	0.75	0.57	0.67	0.50	0.71	1.00	0.70	0.50	0.48	0.64	1.00	0.40	1.00	NA	0.50	0.75	0.54	0.59	0.69	0.52	0.64	NA	0.57	0.50	0.57	0.44	0.63	0.75	0.60	0.55	0.50	0.50	0.50	0.50	0.57	0.67	1.00	0.54	0.50	0.60	0.50	1.00	0.50	0.80	0.61	0.56	NA	0.50	0.67	0.71	NA	1.00	0.55	0.50	1.00	0.75	0.80	0.42	1.00	0.64	0.75	NA	0.75	1.00	0.50	0.56	0.50	1.00	0.56	0.58	NA	0.50	NA	NA	0.56	0.89	NA	0.50	1.00	NA	0.67	0.67
ran_88.txt	1.00	0.44	0.50	0.50	0.50	NA	NA	0.71	0.50	0.60	0.86	0.67	0.62	0.62	0.33	0.50	NA	1.00	0.62	0.45	1.00	0.60	0.33	NA	1.00	0.33	0.75	0.40	0.75	0.67	NA	0.51	0.65	0.75	0.67	0.80	NA	0.71	0.70	0.50	0.57	0.60	1.00	0.62	0.67	1.00	0.86	1.00	0.50	0.44	1.00	1.00	NA	1.00	0.47	0.62	0.50	0.59	1.00	0.59	0.46	0.37	0.67	0.53	0.64	0.50	0.54	0.44	0.50	0.43	0.67	0.40	0.83	0.83	0.40	0.45	0.60	0.80	0.57	0.50	0.40	0.50	0.50	0.75	0.60	0.73	0.33	NA	0.57	NA	0.46	1.00	0.67	0.67	0.60	0.43	NA	0.67	0.62	0.50	0.33	0.57	0.52	NA	0.43	0.67	0.67	1.00	1.00	0.69	0.40	1.00	0.67	0.43	0.67	0.60	0.53	1.00	0.71	0.45	1.00	1.00	0.75	0.67	0.40	0.78	0.52	0.57	0.50	0.50	0.40	1.00	0.67	0.62	0.61	0.49	0.50	0.45	0.55	NA	0.65	0.50	0.40	0.54	0.52	0.67	1.00	0.48	1.00	0.50	1.00	0.50	0.50	NA	1.00	0.62	0.68	0.57	1.00	0.50	NA	0.50	0.50	0.78	1.00	0.38	0.50	0.67	NA	0.67	0.59	0.60	1.00	0.60	0.57	0.55	1.00	0.40	0.73	NA	0.67	0.60	0.75	0.40	1.00	0.57	0.62	0.75	NA	NA	NA	NA	0.78	0.57	NA	NA	0.50	NA	0.67	0.60
ran_89.txt	1.00	0.56	0.25	0.71	0.50	NA	NA	0.57	0.67	0.60	0.83	0.57	0.50	0.65	1.00	0.80	0.50	0.50	0.62	0.69	0.75	0.50	1.00	1.00	1.00	0.89	0.88	0.70	0.80	0.50	NA	0.59	0.57	1.00	0.56	0.75	NA	0.67	0.50	0.67	0.68	0.43	0.50	0.50	0.50	0.50	0.62	1.00	0.50	0.50	0.67	NA	0.50	0.50	0.56	0.50	0.50	0.88	1.00	0.52	0.54	0.53	0.67	0.61	0.57	0.56	0.73	0.52	0.33	0.50	0.50	0.50	0.67	0.57	0.60	0.67	0.75	0.67	0.86	0.75	0.67	0.50	1.00	0.75	0.60	0.45	0.69	0.50	0.50	1.00	0.45	0.50	0.75	0.50	0.44	0.50	0.67	0.75	1.00	1.00	1.00	0.75	0.63	1.00	0.60	0.50	0.67	0.75	0.50	0.75	0.60	0.60	0.62	0.50	0.67	0.33	0.59	0.60	0.86	0.67	1.00	0.67	0.61	0.50	0.58	0.75	0.56	0.64	0.50	0.40	0.67	0.50	1.00	0.80	0.55	0.57	0.73	0.67	0.56	NA	0.50	0.50	0.71	0.58	0.64	0.67	0.50	0.48	NA	0.67	0.67	0.50	0.38	1.00	1.00	0.36	0.48	0.73	1.00	0.67	0.50	0.80	0.40	0.60	1.00	0.64	0.50	0.62	NA	1.00	0.43	0.57	0.60	0.50	0.71	0.44	0.50	0.70	0.64	NA	0.50	0.67	1.00	0.50	NA	0.71	0.71	0.55	0.50	1.00	NA	NA	0.75	0.88	NA	1.00	NA	NA	1.00	1.00
ran_9.txt	1.00	0.78	1.00	0.50	0.70	NA	NA	0.38	0.50	0.80	0.60	0.75	0.42	0.53	1.00	0.50	0.67	0.67	0.62	0.69	0.75	0.75	1.00	1.00	0.33	0.44	0.56	0.67	0.67	0.40	NA	0.45	0.55	0.75	0.58	0.50	0.50	0.60	0.50	0.67	0.54	0.64	0.50	0.56	0.50	0.67	1.00	0.33	0.60	0.50	0.50	NA	NA	0.50	0.69	0.33	0.50	0.48	NA	0.50	0.56	0.65	0.33	0.55	0.55	0.71	0.80	0.55	0.50	0.56	0.83	0.50	0.67	0.50	0.80	0.64	0.60	0.80	0.56	0.50	0.80	NA	0.50	0.67	0.75	0.60	0.55	0.50	0.50	NA	0.50	NA	0.75	0.67	0.50	0.63	1.00	1.00	0.38	NA	0.50	0.56	0.39	0.50	0.43	1.00	0.67	0.75	0.67	0.42	0.60	0.60	0.80	0.78	0.67	1.00	0.70	0.60	0.71	0.53	0.50	0.50	0.44	1.00	0.53	0.89	0.50	0.65	0.67	0.50	0.83	NA	1.00	0.71	0.50	0.38	0.59	0.56	0.42	NA	0.50	0.50	0.67	0.50	0.66	0.50	0.50	0.45	1.00	0.50	0.67	0.38	0.57	1.00	0.33	0.53	0.44	0.44	1.00	1.00	NA	0.67	0.39	0.50	NA	0.27	0.60	0.57	NA	0.33	0.42	0.40	0.40	0.50	0.75	0.55	1.00	0.70	0.50	NA	0.67	0.33	0.75	0.62	1.00	0.57	0.59	1.00	NA	1.00	NA	NA	0.67	0.50	NA	0.50	1.00	NA	1.00	0.60
ran_90.txt	NA	0.44	0.50	1.00	0.56	NA	NA	0.67	0.67	0.80	0.88	0.67	0.50	0.52	0.67	0.80	0.67	0.75	0.71	0.50	0.67	0.60	0.67	NA	1.00	0.70	0.50	0.75	0.60	0.40	NA	0.60	0.54	0.75	0.40	0.80	1.00	0.57	0.50	0.50	0.60	0.50	0.67	0.57	0.50	0.50	0.50	0.67	0.60	0.60	1.00	0.50	0.50	0.50	0.67	0.57	0.50	0.60	0.50	0.46	0.69	0.67	0.80	0.54	0.52	0.75	0.54	0.56	0.75	0.57	0.50	0.80	0.71	0.62	1.00	0.55	0.50	0.80	0.62	0.80	0.75	NA	NA	0.67	0.60	0.78	0.46	0.67	0.83	NA	0.46	0.50	1.00	0.50	0.75	0.56	NA	1.00	0.67	0.50	0.33	0.44	0.51	0.33	0.80	1.00	1.00	0.75	0.50	0.82	0.25	0.50	0.43	0.38	0.50	0.60	0.53	0.67	0.50	0.64	0.67	0.67	0.59	0.50	0.50	0.60	0.56	0.63	0.50	0.50	0.25	NA	1.00	0.80	0.41	0.53	0.67	0.54	0.56	NA	0.48	0.50	0.38	0.65	0.59	1.00	0.50	0.52	0.50	0.80	0.67	0.83	0.86	0.33	0.67	0.64	0.62	0.57	0.67	0.50	NA	0.50	0.63	0.56	NA	0.64	0.50	0.43	NA	NA	0.53	0.80	0.75	0.50	0.50	0.88	NA	0.56	0.58	NA	1.00	0.60	0.60	0.43	0.50	0.50	0.50	0.73	0.50	0.50	NA	NA	0.60	0.44	NA	NA	1.00	NA	0.67	0.50
ran_91.txt	0.50	0.64	0.67	0.33	0.70	NA	NA	0.75	0.50	0.80	0.33	0.45	0.50	0.55	NA	0.50	0.67	0.67	0.50	0.58	1.00	0.75	0.50	1.00	1.00	0.25	0.56	0.56	0.50	0.67	NA	0.49	0.58	0.60	0.45	1.00	NA	0.43	0.82	1.00	0.40	0.50	0.50	0.67	0.50	0.50	0.67	0.67	0.55	0.62	0.67	0.50	0.50	1.00	0.56	0.71	NA	0.56	NA	0.61	0.59	0.69	1.00	0.51	0.58	0.60	0.58	0.64	0.56	0.33	0.67	1.00	0.40	0.83	0.67	0.56	0.40	0.57	0.43	0.67	1.00	0.50	0.50	0.60	0.75	0.80	0.78	0.50	0.71	1.00	0.41	0.50	0.75	0.50	0.59	0.65	NA	0.75	0.86	1.00	1.00	0.44	0.44	NA	0.60	0.67	1.00	1.00	1.00	0.54	0.40	0.80	0.60	0.44	0.67	0.50	0.47	0.60	0.80	0.62	0.50	0.50	0.60	0.75	0.66	0.36	0.54	0.52	0.50	0.75	0.67	NA	1.00	0.67	0.57	0.61	0.47	0.44	0.50	NA	0.46	0.50	0.43	0.41	0.54	0.33	0.83	0.60	NA	0.43	0.50	0.78	0.60	0.50	0.50	0.50	0.52	0.58	0.33	0.50	0.50	0.33	0.53	0.56	1.00	0.42	0.40	0.43	NA	0.67	0.50	0.67	0.75	0.67	0.50	0.55	NA	0.60	0.60	NA	0.75	0.43	0.50	0.78	0.50	0.71	0.63	0.70	0.50	0.50	NA	NA	0.67	0.50	NA	1.00	NA	NA	0.50	1.00
ran_92.txt	0.50	0.50	1.00	0.75	0.89	NA	NA	0.29	0.50	0.60	0.38	0.82	0.69	0.28	0.33	0.80	0.67	0.75	0.57	0.42	0.67	0.60	1.00	0.50	1.00	0.43	1.00	0.50	1.00	0.50	NA	0.52	0.68	0.60	0.70	0.60	0.50	0.50	0.44	0.75	0.52	0.45	0.50	0.60	1.00	1.00	0.71	0.50	0.62	0.60	0.67	0.50	0.50	NA	0.31	0.29	1.00	0.53	NA	0.65	0.64	0.60	0.67	0.54	0.57	0.57	0.54	0.44	0.50	0.43	0.75	0.33	0.50	0.60	0.50	0.44	0.60	0.43	0.80	0.60	0.50	NA	NA	1.00	0.80	0.67	0.80	0.50	0.75	1.00	0.70	0.50	0.67	1.00	0.56	0.53	1.00	0.75	0.86	0.50	1.00	0.44	0.59	1.00	0.57	1.00	0.67	0.33	0.67	0.50	0.75	0.60	0.67	0.70	0.67	0.50	0.41	0.60	0.43	0.64	0.33	0.67	0.35	0.67	0.66	0.43	0.59	0.67	0.50	0.40	0.67	NA	NA	0.38	0.52	0.56	0.75	0.48	0.67	NA	0.67	1.00	0.50	0.48	0.54	0.67	0.43	0.46	NA	0.50	1.00	0.89	0.50	0.50	0.67	0.46	0.75	0.43	0.50	0.67	1.00	0.67	0.52	0.44	0.50	0.64	0.50	0.57	NA	0.67	0.67	0.71	0.50	0.50	0.75	0.50	0.50	0.67	0.58	NA	0.67	0.50	0.75	0.57	0.50	0.33	0.76	0.70	1.00	0.50	NA	NA	0.67	0.88	NA	1.00	1.00	NA	0.50	0.67
ran_93.txt	NA	0.67	0.75	0.50	0.60	NA	NA	0.67	0.67	1.00	0.62	0.50	0.62	0.52	1.00	0.67	0.33	0.50	0.62	0.75	NA	0.50	0.75	0.50	0.67	0.44	0.50	0.75	0.80	0.67	NA	0.46	0.60	0.50	0.57	0.80	1.00	0.50	0.44	0.67	0.46	0.67	0.50	0.71	0.75	0.50	0.40	0.67	0.86	0.73	0.67	NA	NA	NA	0.47	0.78	0.50	0.81	NA	0.56	0.45	0.50	0.57	0.59	0.52	0.57	0.62	0.54	0.67	0.56	0.75	0.60	0.40	0.67	0.40	0.44	0.67	0.50	0.57	1.00	0.60	NA	NA	1.00	0.80	0.42	0.50	1.00	0.75	NA	0.68	0.50	0.25	1.00	0.58	0.61	1.00	0.75	0.50	1.00	0.33	0.60	0.57	1.00	0.50	0.67	0.67	0.67	0.67	0.78	0.50	0.60	0.33	0.44	0.50	0.50	0.66	0.50	0.43	0.47	1.00	1.00	0.55	1.00	0.61	0.67	0.64	0.49	1.00	0.50	0.40	0.50	0.33	0.56	0.52	0.56	0.47	0.54	0.40	NA	0.61	0.67	0.75	0.61	0.59	0.75	0.71	0.39	0.50	0.67	0.67	0.62	0.50	0.33	1.00	0.50	0.75	0.54	1.00	1.00	NA	0.50	0.56	0.57	NA	0.54	0.60	0.67	NA	0.67	0.73	0.50	0.50	0.71	0.83	0.60	1.00	0.56	0.89	NA	0.25	0.40	0.25	0.75	1.00	0.80	0.58	0.80	NA	0.50	NA	NA	0.44	0.57	NA	0.50	1.00	NA	0.67	0.67
ran_94.txt	1.00	0.44	0.50	0.71	0.60	NA	NA	0.50	0.50	0.40	0.50	0.45	0.69	0.53	NA	0.60	0.67	0.75	0.67	0.56	0.75	1.00	0.50	NA	0.50	0.67	0.57	0.80	1.00	0.80	NA	0.52	0.57	0.40	0.68	0.67	1.00	0.67	0.55	0.50	0.64	0.55	0.33	0.71	0.67	0.67	0.33	0.67	0.55	0.64	1.00	0.50	0.50	0.50	0.53	0.71	0.50	0.48	0.50	0.55	0.59	0.36	0.60	0.52	0.39	0.33	0.57	0.57	0.60	0.62	0.67	0.50	0.57	0.57	1.00	0.50	1.00	0.60	0.57	0.83	1.00	0.50	NA	0.60	0.40	0.67	0.70	0.67	0.60	1.00	0.65	1.00	0.33	1.00	0.53	0.55	0.50	0.50	0.67	1.00	0.50	0.67	0.58	NA	0.43	1.00	0.33	0.67	1.00	0.50	0.60	0.60	0.75	0.44	0.67	0.80	0.53	0.75	0.43	0.71	1.00	1.00	0.61	0.67	0.52	0.44	0.55	0.51	0.67	0.67	0.67	0.50	0.33	0.86	0.71	0.61	0.65	0.54	0.42	NA	0.63	1.00	0.62	0.50	0.51	0.40	0.40	0.62	NA	0.50	NA	0.62	0.86	0.50	NA	0.42	0.52	0.43	NA	0.50	0.50	0.67	0.48	0.62	NA	0.62	0.75	0.67	NA	0.67	0.52	0.80	0.67	0.50	0.50	0.42	NA	0.82	0.67	NA	0.67	0.80	0.80	0.44	NA	0.57	0.50	0.62	NA	0.50	NA	NA	0.50	0.50	NA	0.50	NA	NA	0.67	0.60
ran_95.txt	1.00	0.50	0.67	0.50	0.56	NA	NA	0.62	1.00	1.00	0.78	0.55	0.70	0.53	0.67	0.60	0.67	1.00	0.71	0.82	0.67	0.80	0.67	0.50	1.00	0.44	0.56	0.88	0.40	0.60	NA	0.43	0.43	0.20	0.58	0.40	NA	0.50	0.71	0.67	0.52	0.45	0.67	0.67	0.50	NA	0.57	0.67	0.70	0.56	NA	1.00	0.50	1.00	0.64	0.71	0.50	0.67	NA	0.64	0.58	0.59	0.83	0.54	0.54	0.50	0.80	0.52	0.71	0.33	0.67	0.75	0.67	0.50	1.00	0.60	0.80	0.67	0.62	0.75	0.50	0.50	0.50	0.60	0.67	0.44	0.50	1.00	0.80	1.00	0.62	1.00	0.50	0.67	0.63	0.52	1.00	0.67	0.50	NA	1.00	0.38	0.48	NA	0.50	NA	0.33	0.50	0.50	0.50	0.80	0.60	0.33	0.62	1.00	0.60	0.65	0.60	0.50	0.58	1.00	0.67	0.47	1.00	0.52	1.00	0.59	0.72	1.00	0.83	0.75	1.00	1.00	0.43	0.50	0.49	0.65	0.68	0.69	NA	0.58	1.00	1.00	0.62	0.53	0.60	0.71	0.58	0.50	0.80	0.33	0.88	0.57	0.50	0.33	0.43	0.57	0.42	1.00	NA	0.50	0.50	0.48	0.50	1.00	0.54	0.60	0.62	NA	1.00	0.53	0.50	0.75	0.80	0.80	0.50	NA	0.80	0.56	NA	1.00	0.29	0.67	0.71	NA	0.33	0.61	0.50	1.00	NA	NA	NA	0.67	0.44	NA	NA	0.50	NA	0.33	0.60
ran_96.txt	1.00	0.50	0.33	0.71	0.56	NA	NA	0.62	0.33	0.50	0.57	0.73	0.55	0.55	0.67	0.50	0.67	1.00	0.71	0.55	0.50	0.60	0.50	0.50	0.50	0.67	0.75	0.60	0.40	0.80	NA	0.61	0.58	0.67	0.58	0.67	NA	0.67	0.55	0.67	0.58	0.67	1.00	0.83	0.60	0.67	0.50	0.67	0.55	0.40	1.00	NA	1.00	1.00	0.71	0.60	0.50	0.53	0.50	0.65	0.49	0.44	0.60	0.55	0.64	0.62	0.50	0.58	0.67	0.44	0.50	0.40	0.67	0.44	0.60	0.62	0.71	0.80	0.71	0.60	0.60	0.50	0.50	1.00	1.00	0.36	0.60	1.00	0.67	1.00	0.44	0.50	0.50	0.67	0.53	0.57	0.50	0.67	0.71	1.00	0.33	0.89	0.62	1.00	0.43	0.33	1.00	NA	1.00	0.33	0.60	0.67	0.33	0.75	1.00	0.75	0.71	0.75	0.38	0.33	1.00	0.33	0.47	1.00	0.45	0.56	0.60	0.60	1.00	0.60	0.67	0.50	0.67	0.78	0.52	0.70	0.61	0.50	0.43	NA	0.40	0.67	0.71	0.51	0.60	0.50	0.67	0.58	1.00	1.00	0.33	0.71	0.88	1.00	0.67	0.53	0.65	0.54	0.50	1.00	0.50	0.50	0.53	0.50	0.50	0.73	0.75	0.43	NA	0.67	0.50	0.50	0.67	0.29	0.67	0.57	NA	0.55	0.44	NA	0.67	0.67	0.75	0.44	0.50	0.43	0.56	0.67	0.50	0.50	NA	NA	0.56	0.75	NA	NA	1.00	NA	0.67	0.83
ran_97.txt	NA	0.40	0.75	0.83	0.67	NA	NA	0.62	0.67	0.60	0.57	0.64	0.46	0.55	1.00	0.75	0.75	0.75	0.60	0.42	0.50	0.50	0.67	0.50	0.50	0.43	0.57	0.50	0.25	0.83	NA	0.57	0.62	1.00	0.62	0.60	1.00	0.40	0.64	0.50	0.59	0.45	0.50	0.80	0.50	0.75	0.71	0.67	0.88	0.67	0.50	1.00	0.50	NA	0.65	0.50	0.50	0.71	NA	0.48	0.69	0.67	0.67	0.57	0.44	0.75	0.73	0.37	0.75	0.30	0.80	0.60	0.50	0.50	0.80	0.60	0.43	0.40	0.44	1.00	0.50	1.00	NA	0.60	0.67	0.73	0.64	0.75	0.50	NA	0.73	1.00	0.67	0.67	0.71	0.50	1.00	0.50	0.57	1.00	0.67	0.44	0.53	0.67	0.43	NA	1.00	0.75	0.67	0.71	0.80	0.75	0.50	0.56	0.50	0.60	0.56	0.50	0.80	0.55	0.67	0.33	0.67	0.67	0.57	0.67	0.55	0.60	1.00	0.83	0.67	0.50	0.67	0.50	0.55	0.53	0.59	0.46	0.67	NA	0.53	0.67	0.71	0.49	0.53	0.33	0.50	0.67	0.50	0.80	0.50	0.71	0.50	NA	1.00	0.89	0.57	0.50	0.50	0.50	NA	0.50	0.50	0.60	0.50	0.67	0.60	0.44	NA	0.67	0.37	0.40	0.67	0.57	0.43	0.64	NA	0.38	0.56	NA	0.50	0.75	0.50	0.57	1.00	0.67	0.56	0.78	NA	NA	NA	NA	0.56	0.67	NA	NA	1.00	NA	0.67	0.67
ran_98.txt	1.00	0.70	0.75	0.71	0.44	NA	NA	0.67	0.67	0.83	0.50	0.46	0.55	0.60	0.50	0.60	1.00	0.75	0.50	0.75	0.75	1.00	1.00	0.50	0.67	0.78	0.50	0.62	0.40	0.83	NA	0.60	0.45	0.40	0.43	0.60	NA	0.40	0.64	0.50	0.63	0.45	0.75	0.44	0.80	0.50	0.43	1.00	0.67	0.56	0.67	1.00	0.50	NA	0.89	0.67	0.50	0.47	0.50	0.54	0.56	0.81	0.43	0.55	0.55	0.62	0.77	0.61	0.70	0.60	0.50	0.75	0.50	0.57	0.50	0.67	0.50	0.60	0.38	0.83	0.60	NA	1.00	0.50	0.40	0.38	0.82	0.67	0.67	1.00	0.54	0.50	0.75	0.50	0.41	0.54	0.67	0.67	0.62	0.50	1.00	0.89	0.66	0.50	0.43	0.67	1.00	0.50	0.50	0.57	0.75	0.83	0.80	1.00	1.00	0.50	0.51	0.60	0.50	0.38	1.00	NA	0.67	0.67	0.53	0.45	0.62	0.63	0.67	0.33	0.60	0.50	1.00	0.86	0.53	0.71	0.70	0.52	0.62	NA	0.53	NA	0.86	0.60	0.62	0.75	0.60	0.44	0.50	0.67	NA	0.56	0.56	0.33	0.67	0.50	0.50	0.77	0.33	0.67	NA	0.50	0.40	0.44	1.00	0.78	0.50	0.67	NA	0.33	0.53	0.50	0.67	0.60	0.75	0.50	0.50	0.60	0.40	NA	0.67	0.40	0.75	0.75	1.00	0.80	0.38	0.42	0.50	0.50	NA	NA	0.38	0.44	NA	1.00	NA	NA	0.67	1.00
ran_99.txt	1.00	0.75	0.50	0.67	0.44	NA	NA	1.00	NA	0.50	0.56	0.67	0.58	0.53	0.50	0.33	0.67	1.00	0.50	0.45	0.67	1.00	0.33	0.50	1.00	0.50	0.78	0.71	0.33	0.40	NA	0.53	0.45	0.80	0.64	0.80	NA	0.67	0.64	0.75	0.70	0.64	0.50	0.56	0.67	0.33	0.38	0.67	0.90	0.60	NA	1.00	1.00	0.50	0.62	0.43	1.00	0.37	1.00	0.38	0.63	0.55	0.67	0.58	0.48	0.62	0.50	0.50	0.40	0.67	0.60	0.80	0.50	0.62	0.50	0.42	0.75	0.80	0.50	0.50	0.60	1.00	1.00	0.67	0.80	0.33	0.83	0.50	0.43	NA	0.56	NA	0.50	0.67	0.54	0.61	0.50	0.50	0.38	0.50	NA	0.67	0.71	1.00	0.67	0.50	0.50	0.67	1.00	0.64	1.00	0.80	0.78	0.67	0.67	1.00	0.65	0.80	0.43	0.50	0.50	0.50	0.59	0.67	0.56	0.75	0.53	0.66	0.50	0.71	0.50	1.00	1.00	0.44	0.65	0.41	0.64	0.47	0.64	NA	0.56	0.50	0.86	0.40	0.58	1.00	0.83	0.48	NA	0.50	1.00	0.38	0.43	1.00	1.00	0.71	0.52	0.38	0.50	1.00	0.50	0.50	0.41	0.83	NA	0.83	0.75	0.33	NA	NA	0.47	0.57	0.75	0.40	0.43	0.64	1.00	0.50	0.60	NA	0.50	0.71	0.50	0.60	1.00	0.67	0.44	0.80	1.00	0.50	NA	NA	0.56	0.57	NA	0.50	1.00	NA	0.50	0.40
